timestamp,environment,policy_version,opponent_name,opponent_version,opponent_kind,change_type,split,seed_start,seed_stop_exclusive,episodes,mean,std,median,min,max,wins,losses,draws,win_rate,life_difference_mean,environment_steps,wall_clock_seconds,pass_fail,tests_pass_fail,git_commit,diff_identifier,agent_iterations,code_edits,change_summary,failure_analysis,next_hypothesis
2026-05-26T06:33:11+00:00,SlimeVolley-v0,temporal,builtin,slimevolleygym-baseline-rnn,built-in baseline,structural policy improvement,dev,9000,9010,10,-4.8,0.4,-5,-5,-4,0,10,0,0.0,-4.8,23510,2.158623,pass,pass,088c70f,0be12d79ab11,1,5,"Generation-4 temporal stacked-history candidate: contact-flip features, finite-difference trajectory signals, and jump cooldown.",First temporal development trial; no failure observed yet.,Compare temporal against current improved on the generation-4 development opponent pool before any promotion.
2026-05-26T06:33:30+00:00,SlimeVolley-v0,improved,builtin,slimevolleygym-baseline-rnn,built-in baseline,evaluation-harness change,dev,9000,9010,10,-3.9,1.04403,-4,-5,-2,0,10,0,0.0,-3.9,27055,1.868898,pass,pass,088c70f,0be12d79ab11,1,0,Generation-4 same-seed current-improved control for temporal stacked-history comparison; no policy code changed.,Control run for temporal trial; compare score and point-event traces before revising.,"If temporal underperforms current improved, inspect traces for overactive cooldown or recovery guards."
2026-05-26T06:34:58+00:00,SlimeVolley-v0,temporal,builtin,slimevolleygym-baseline-rnn,built-in baseline,structural policy improvement,dev,9000,9010,10,-4.8,0.4,-5,-5,-4,0,10,0,0.0,-4.8,23092,2.048717,pass,pass,088c70f,0be12d79ab11,2,7,Revise temporal stacked-history candidate: disable cooldown suppression after first dev trace showed lost reachable contacts; keep contact-flip and finite-difference history features.,Prior temporal trial underperformed current improved on builtin dev seeds because jump actions were much rarer; cooldown guard was over-constraining contact attempts.,"If builtin performance remains below current improved, inspect whether contact-intercept or trajectory-recovery modes are overactive."
2026-05-26T06:37:01+00:00,SlimeVolley-v0,temporal,builtin,slimevolleygym-baseline-rnn,built-in baseline,structural policy improvement,dev,9000,9010,10,-4,1.09545,-4.5,-5,-2,0,10,0,0.0,-4.0,24520,2.23644,pass,pass,088c70f,0be12d79ab11,3,9,Revise temporal stacked-history candidate: urgent low-ball/floor/rear-wall guards now take priority over contact-flip intercept mode.,Previous temporal revision still underperformed builtin dev control; trace showed opponent-contact intercept overriding low-ball rescue on reachable low balls.,"If this revision restores builtin performance, evaluate against the archived development opponent pool; otherwise mark temporal intercept as failed for builtin."
2026-05-26T06:38:54+00:00,SlimeVolley-v0,temporal,builtin,slimevolleygym-baseline-rnn,built-in baseline,structural policy improvement,dev,9000,9010,10,-3.9,1.04403,-4,-5,-2,0,10,0,0.0,-3.9,26371,2.350289,pass,pass,088c70f,0be12d79ab11,4,10,Simplify temporal stacked-history candidate: remove broad uncertain-trajectory and upward-flip recovery overrides; keep contact-flip intercept and urgent safety guards.,Safety-priority temporal policy nearly matched but did not beat current improved on builtin dev seeds; broad recovery modes were not clearly tied to losses and added mode complexity.,Evaluate simplified temporal against development opponent pool; promote only if it improves aggregate performance without archived-opponent regressions.
2026-05-26T06:39:24+00:00,SlimeVolley-v0,improved,random,v0,random policy,evaluation-harness change,dev,9000,9010,10,4.4,0.916515,5,2,5,10,0,0,1.0,4.4,7115,0.609761,pass,pass,088c70f,0be12d79ab11,4,0,Generation-4 10-seed development opponent-pool comparison: improved vs random; no holdout seeds inspected.,Control comparison run.,Use aggregate opponent-pool deltas to decide whether temporal history is promotable or only a failed/neutral candidate.
2026-05-26T06:39:25+00:00,SlimeVolley-v0,improved,initial,v0,frozen heuristic,evaluation-harness change,dev,9000,9010,10,4.2,0.979796,4.5,2,5,10,0,0,1.0,4.2,8635,0.535759,pass,pass,088c70f,0be12d79ab11,4,0,Generation-4 10-seed development opponent-pool comparison: improved vs initial; no holdout seeds inspected.,Control comparison run.,Use aggregate opponent-pool deltas to decide whether temporal history is promotable or only a failed/neutral candidate.
2026-05-26T06:39:25+00:00,SlimeVolley-v0,improved,improved-v0,v0,archived heuristic,evaluation-harness change,dev,9000,9010,10,4.3,0.9,4.5,2,5,10,0,0,1.0,4.3,7817,0.484037,pass,pass,088c70f,0be12d79ab11,4,0,Generation-4 10-seed development opponent-pool comparison: improved vs improved-v0; no holdout seeds inspected.,Control comparison run.,Use aggregate opponent-pool deltas to decide whether temporal history is promotable or only a failed/neutral candidate.
2026-05-26T06:39:26+00:00,SlimeVolley-v0,improved,improved-v2,v2,archived heuristic,evaluation-harness change,dev,9000,9010,10,4,1,4,2,5,10,0,0,1.0,4.0,12627,0.775503,pass,pass,088c70f,0be12d79ab11,4,0,Generation-4 10-seed development opponent-pool comparison: improved vs improved-v2; no holdout seeds inspected.,Control comparison run.,Use aggregate opponent-pool deltas to decide whether temporal history is promotable or only a failed/neutral candidate.
2026-05-26T06:39:28+00:00,SlimeVolley-v0,improved,improved-v3,v3,archived heuristic,evaluation-harness change,dev,9000,9010,10,-0.7,2.14709,-1,-4,4,2,7,1,0.2,-0.7,26795,1.653855,pass,pass,088c70f,0be12d79ab11,4,0,Generation-4 10-seed development opponent-pool comparison: improved vs improved-v3; no holdout seeds inspected.,Control comparison run.,Use aggregate opponent-pool deltas to decide whether temporal history is promotable or only a failed/neutral candidate.
2026-05-26T06:39:29+00:00,SlimeVolley-v0,temporal,random,v0,random policy,structural policy improvement,dev,9000,9010,10,4.4,0.916515,5,2,5,10,0,0,1.0,4.4,6839,0.643945,pass,pass,088c70f,0be12d79ab11,4,10,Generation-4 10-seed development opponent-pool comparison: temporal vs random; no holdout seeds inspected.,Temporal stacked-history candidate comparison after simplifying broad recovery overrides.,Use aggregate opponent-pool deltas to decide whether temporal history is promotable or only a failed/neutral candidate.
2026-05-26T06:39:29+00:00,SlimeVolley-v0,temporal,initial,v0,frozen heuristic,structural policy improvement,dev,9000,9010,10,4.2,0.979796,4.5,2,5,10,0,0,1.0,4.2,8282,0.666982,pass,pass,088c70f,0be12d79ab11,4,10,Generation-4 10-seed development opponent-pool comparison: temporal vs initial; no holdout seeds inspected.,Temporal stacked-history candidate comparison after simplifying broad recovery overrides.,Use aggregate opponent-pool deltas to decide whether temporal history is promotable or only a failed/neutral candidate.
2026-05-26T06:39:30+00:00,SlimeVolley-v0,temporal,improved-v0,v0,archived heuristic,structural policy improvement,dev,9000,9010,10,4.3,0.9,4.5,2,5,10,0,0,1.0,4.3,7573,0.632702,pass,pass,088c70f,0be12d79ab11,4,10,Generation-4 10-seed development opponent-pool comparison: temporal vs improved-v0; no holdout seeds inspected.,Temporal stacked-history candidate comparison after simplifying broad recovery overrides.,Use aggregate opponent-pool deltas to decide whether temporal history is promotable or only a failed/neutral candidate.
2026-05-26T06:39:31+00:00,SlimeVolley-v0,temporal,improved-v2,v2,archived heuristic,structural policy improvement,dev,9000,9010,10,3.9,0.943398,4,2,5,10,0,0,1.0,3.9,12926,1.05785,pass,pass,088c70f,0be12d79ab11,4,10,Generation-4 10-seed development opponent-pool comparison: temporal vs improved-v2; no holdout seeds inspected.,Temporal stacked-history candidate comparison after simplifying broad recovery overrides.,Use aggregate opponent-pool deltas to decide whether temporal history is promotable or only a failed/neutral candidate.
2026-05-26T06:39:33+00:00,SlimeVolley-v0,temporal,improved-v3,v3,archived heuristic,structural policy improvement,dev,9000,9010,10,-0.4,2.2891,-1,-4,4,3,6,1,0.3,-0.4,25462,2.109004,pass,pass,088c70f,0be12d79ab11,4,10,Generation-4 10-seed development opponent-pool comparison: temporal vs improved-v3; no holdout seeds inspected.,Temporal stacked-history candidate comparison after simplifying broad recovery overrides.,Use aggregate opponent-pool deltas to decide whether temporal history is promotable or only a failed/neutral candidate.
2026-05-26T06:40:11+00:00,SlimeVolley-v0,improved,builtin,slimevolleygym-baseline-rnn,built-in baseline,evaluation-harness change,dev,9000,9050,50,-3.72,1.21721,-4,-5,-1,0,50,0,0.0,-3.72,132942,7.29555,pass,pass,088c70f,0be12d79ab11,4,0,Generation-4 full development opponent-pool comparison: improved vs builtin on seeds 9000..9049; no holdout seeds inspected.,Full 50-seed current-improved development control.,"Use full development-seed aggregate deltas to decide whether temporal history should remain a candidate, be promoted, or be reported as neutral/failed."
2026-05-26T06:40:14+00:00,SlimeVolley-v0,improved,random,v0,random policy,evaluation-harness change,dev,9000,9050,50,4.06,1.3625,4,-2,5,49,1,0,0.98,4.06,38538,2.728674,pass,pass,088c70f,0be12d79ab11,4,0,Generation-4 full development opponent-pool comparison: improved vs random on seeds 9000..9049; no holdout seeds inspected.,Full 50-seed current-improved development control.,"Use full development-seed aggregate deltas to decide whether temporal history should remain a candidate, be promoted, or be reported as neutral/failed."
2026-05-26T06:40:16+00:00,SlimeVolley-v0,improved,initial,v0,frozen heuristic,evaluation-harness change,dev,9000,9050,50,3.94,1.34774,4,-2,5,49,1,0,0.98,3.94,42930,2.671558,pass,pass,088c70f,0be12d79ab11,4,0,Generation-4 full development opponent-pool comparison: improved vs initial on seeds 9000..9049; no holdout seeds inspected.,Full 50-seed current-improved development control.,"Use full development-seed aggregate deltas to decide whether temporal history should remain a candidate, be promoted, or be reported as neutral/failed."
2026-05-26T06:40:19+00:00,SlimeVolley-v0,improved,improved-v0,v0,archived heuristic,evaluation-harness change,dev,9000,9050,50,4.04,1.34104,4,-2,5,49,1,0,0.98,4.04,40720,2.563598,pass,pass,088c70f,0be12d79ab11,4,0,Generation-4 full development opponent-pool comparison: improved vs improved-v0 on seeds 9000..9049; no holdout seeds inspected.,Full 50-seed current-improved development control.,"Use full development-seed aggregate deltas to decide whether temporal history should remain a candidate, be promoted, or be reported as neutral/failed."
2026-05-26T06:40:23+00:00,SlimeVolley-v0,improved,improved-v2,v2,archived heuristic,evaluation-harness change,dev,9000,9050,50,3.5,1.86815,4,-3,5,47,3,0,0.94,3.5,61606,3.843935,pass,pass,088c70f,0be12d79ab11,4,0,Generation-4 full development opponent-pool comparison: improved vs improved-v2 on seeds 9000..9049; no holdout seeds inspected.,Full 50-seed current-improved development control.,"Use full development-seed aggregate deltas to decide whether temporal history should remain a candidate, be promoted, or be reported as neutral/failed."
2026-05-26T06:40:32+00:00,SlimeVolley-v0,improved,improved-v3,v3,archived heuristic,evaluation-harness change,dev,9000,9050,50,0.22,2.42726,0,-4,5,23,23,4,0.46,0.22,135453,8.471005,pass,pass,088c70f,0be12d79ab11,4,0,Generation-4 full development opponent-pool comparison: improved vs improved-v3 on seeds 9000..9049; no holdout seeds inspected.,Full 50-seed current-improved development control.,"Use full development-seed aggregate deltas to decide whether temporal history should remain a candidate, be promoted, or be reported as neutral/failed."
2026-05-26T06:40:41+00:00,SlimeVolley-v0,temporal,builtin,slimevolleygym-baseline-rnn,built-in baseline,structural policy improvement,dev,9000,9050,50,-3.8,1.09545,-4,-5,-1,0,50,0,0.0,-3.8,131892,9.903035,pass,pass,088c70f,0be12d79ab11,4,10,Generation-4 full development opponent-pool comparison: temporal vs builtin on seeds 9000..9049; no holdout seeds inspected.,Full 50-seed temporal stacked-history candidate after cooldown and broad-recovery failed directions were removed.,"Use full development-seed aggregate deltas to decide whether temporal history should remain a candidate, be promoted, or be reported as neutral/failed."
2026-05-26T06:40:45+00:00,SlimeVolley-v0,temporal,random,v0,random policy,structural policy improvement,dev,9000,9050,50,4.06,1.3625,4,-2,5,49,1,0,0.98,4.06,38262,3.499091,pass,pass,088c70f,0be12d79ab11,4,10,Generation-4 full development opponent-pool comparison: temporal vs random on seeds 9000..9049; no holdout seeds inspected.,Full 50-seed temporal stacked-history candidate after cooldown and broad-recovery failed directions were removed.,"Use full development-seed aggregate deltas to decide whether temporal history should remain a candidate, be promoted, or be reported as neutral/failed."
2026-05-26T06:40:49+00:00,SlimeVolley-v0,temporal,initial,v0,frozen heuristic,structural policy improvement,dev,9000,9050,50,3.88,1.35115,4,-2,5,49,1,0,0.98,3.88,42801,3.621954,pass,pass,088c70f,0be12d79ab11,4,10,Generation-4 full development opponent-pool comparison: temporal vs initial on seeds 9000..9049; no holdout seeds inspected.,Full 50-seed temporal stacked-history candidate after cooldown and broad-recovery failed directions were removed.,"Use full development-seed aggregate deltas to decide whether temporal history should remain a candidate, be promoted, or be reported as neutral/failed."
2026-05-26T06:40:52+00:00,SlimeVolley-v0,temporal,improved-v0,v0,archived heuristic,structural policy improvement,dev,9000,9050,50,4.04,1.34104,4,-2,5,49,1,0,0.98,4.04,40462,3.363535,pass,pass,088c70f,0be12d79ab11,4,10,Generation-4 full development opponent-pool comparison: temporal vs improved-v0 on seeds 9000..9049; no holdout seeds inspected.,Full 50-seed temporal stacked-history candidate after cooldown and broad-recovery failed directions were removed.,"Use full development-seed aggregate deltas to decide whether temporal history should remain a candidate, be promoted, or be reported as neutral/failed."
2026-05-26T06:40:57+00:00,SlimeVolley-v0,temporal,improved-v2,v2,archived heuristic,structural policy improvement,dev,9000,9050,50,3.54,1.65179,4,-3,5,48,2,0,0.96,3.54,61690,5.099757,pass,pass,088c70f,0be12d79ab11,4,10,Generation-4 full development opponent-pool comparison: temporal vs improved-v2 on seeds 9000..9049; no holdout seeds inspected.,Full 50-seed temporal stacked-history candidate after cooldown and broad-recovery failed directions were removed.,"Use full development-seed aggregate deltas to decide whether temporal history should remain a candidate, be promoted, or be reported as neutral/failed."
2026-05-26T06:41:08+00:00,SlimeVolley-v0,temporal,improved-v3,v3,archived heuristic,structural policy improvement,dev,9000,9050,50,0.3,2.63249,0.5,-5,5,25,21,4,0.5,0.3,129873,10.612754,pass,pass,088c70f,0be12d79ab11,4,10,Generation-4 full development opponent-pool comparison: temporal vs improved-v3 on seeds 9000..9049; no holdout seeds inspected.,Full 50-seed temporal stacked-history candidate after cooldown and broad-recovery failed directions were removed.,"Use full development-seed aggregate deltas to decide whether temporal history should remain a candidate, be promoted, or be reported as neutral/failed."
2026-05-26T19:38:54+00:00,SlimeVolley-v0,planner,builtin,slimevolleygym-baseline-rnn,built-in baseline,structural policy improvement,dev,9000,9050,50,-4.78,0.501597,-5,-5,-3,0,50,0,0.0,-4.78,33602,4.09506,pass,pass,088c70f,0888837e259d,5,7,"Generation-4 pure planner candidate: physics-feature structural policy with time-to-floor, net-clearance, wall-bounce, opponent-commitment, and jump-budget diagnostics.",Development evaluation of the pure planner candidate against the built-in opponent; compare against paired improved and temporal rows on the same seeds.,"If built-in score improves without pool regression, evaluate planner across the full development opponent pool before any holdout use."
2026-05-26T19:39:25+00:00,SlimeVolley-v0,teacher-assisted,builtin,slimevolleygym-baseline-rnn,built-in baseline,structural policy improvement,dev,9000,9050,50,-4.74,0.52192,-5,-5,-3,0,50,0,0.0,-4.74,29783,3.708258,pass,pass,088c70f,0888837e259d,5,7,Generation-4 teacher-assisted planner candidate: transparent planner variant with labeled teacher-rule margins but no runtime RNN calls.,Development evaluation of the teacher-assisted planner candidate against the built-in opponent; teacher label is separated from pure planner and must not be promoted without full opponent-pool evidence.,"If teacher-assisted margins improve built-in score, compare against the full development opponent pool and record teacher-distillation provenance before holdout."
2026-05-26T19:41:18+00:00,SlimeVolley-v0,planner,builtin,slimevolleygym-baseline-rnn,built-in baseline,structural policy improvement,dev,9000,9050,50,-4.74,0.52192,-5,-5,-3,0,50,0,0.0,-4.74,33811,4.360432,pass,pass,088c70f,0888837e259d,6,8,Generation-4 pure planner revision: preserve archived structural low-ball/rear-wall safety jumps inside the physics-feature planner after the first planner row regressed badly.,Prior pure planner row scored -4.78 vs builtin because loss-event diagnostics showed floor/net/rear-wall modes often selected non-jump movement actions. This revision widens urgent contact windows and preserves structural safety jumps.,"If this recovers built-in performance, evaluate planner across the full development opponent pool before any holdout use."
2026-05-26T19:42:02+00:00,SlimeVolley-v0,teacher-assisted,builtin,slimevolleygym-baseline-rnn,built-in baseline,structural policy improvement,dev,9000,9050,50,-4.78,0.501597,-5,-5,-3,0,50,0,0.0,-4.78,30248,3.807471,pass,pass,088c70f,0888837e259d,6,8,Generation-4 teacher-assisted planner revision: same structural safety guard as planner plus labeled teacher margins; no runtime RNN calls.,Prior teacher-assisted row scored -4.74 vs builtin. This row tests whether structural safety guards recover built-in performance before any full opponent-pool comparison.,Do not promote if built-in remains below improved; use traces to design a return-placement controller or a real teacher-distillation report.
2026-05-26T21:57:11+00:00,SlimeVolley-v0,baseline-rnn,builtin,slimevolleygym-baseline-rnn,built-in baseline,neural/RL baseline,dev,9000,9050,50,0.12,0.97242,0,-2,2,18,12,20,0.36,0.12,150000,9.532281,pass,pass,088c70f,afca0f1a071d,6,7,Generation-4 same-seed neural comparator run using slimevolleygym packaged baseline-rnn against the built-in RNN opponent.,No failure observed; use as paired generation-4 development evidence.,Compare opponent-pool regression checks against improved-v4 and baseline-rnn before promotion decisions.
2026-05-26T21:57:21+00:00,SlimeVolley-v0,improved,builtin,slimevolleygym-baseline-rnn,built-in baseline,structural policy improvement,dev,9000,9050,50,-2.26,1.50745,-2,-5,1,1,43,6,0.02,-2.26,145800,9.588927,pass,pass,088c70f,afca0f1a071d,6,7,Generation-4 structural front_hit_suppression policy edit: suppress jumps when the agent is in front of a descending own-side ball moving toward the net; trace diagnosis showed those contacts redirected balls into the agent half.,Still below the packaged RNN comparator on built-in development seeds; improvement is meaningful but the neural gap remains.,Inspect remaining built-in losses for post-contact recovery and serve/return placement modes before any holdout use.
2026-05-26T21:57:23+00:00,SlimeVolley-v0,improved,random,v0,random policy,structural policy improvement,dev,9000,9050,50,4.46,0.829699,5,2,5,50,0,0,1.0,4.46,34393,2.597343,pass,pass,088c70f,afca0f1a071d,6,7,Generation-4 structural front_hit_suppression policy edit: suppress jumps when the agent is in front of a descending own-side ball moving toward the net; trace diagnosis showed those contacts redirected balls into the agent half.,No failure observed; use as paired generation-4 development evidence.,Compare opponent-pool regression checks against improved-v4 and baseline-rnn before promotion decisions.
2026-05-26T21:57:26+00:00,SlimeVolley-v0,improved,initial,v0,frozen heuristic,structural policy improvement,dev,9000,9050,50,4.46,0.829699,5,2,5,50,0,0,1.0,4.46,38584,2.483255,pass,pass,088c70f,afca0f1a071d,6,7,Generation-4 structural front_hit_suppression policy edit: suppress jumps when the agent is in front of a descending own-side ball moving toward the net; trace diagnosis showed those contacts redirected balls into the agent half.,No failure observed; use as paired generation-4 development evidence.,Compare opponent-pool regression checks against improved-v4 and baseline-rnn before promotion decisions.
2026-05-26T21:57:29+00:00,SlimeVolley-v0,improved,improved-v0,v0,archived heuristic,structural policy improvement,dev,9000,9050,50,4.44,0.828493,5,2,5,50,0,0,1.0,4.44,37155,2.459276,pass,pass,088c70f,afca0f1a071d,6,7,Generation-4 structural front_hit_suppression policy edit: suppress jumps when the agent is in front of a descending own-side ball moving toward the net; trace diagnosis showed those contacts redirected balls into the agent half.,No failure observed; use as paired generation-4 development evidence.,Compare opponent-pool regression checks against improved-v4 and baseline-rnn before promotion decisions.
2026-05-26T21:57:33+00:00,SlimeVolley-v0,improved,improved-v2,v2,archived heuristic,structural policy improvement,dev,9000,9050,50,4.14,1.0002,4,1,5,50,0,0,1.0,4.14,59153,3.984212,pass,pass,088c70f,afca0f1a071d,6,7,Generation-4 structural front_hit_suppression policy edit: suppress jumps when the agent is in front of a descending own-side ball moving toward the net; trace diagnosis showed those contacts redirected balls into the agent half.,No failure observed; use as paired generation-4 development evidence.,Compare opponent-pool regression checks against improved-v4 and baseline-rnn before promotion decisions.
2026-05-26T21:57:42+00:00,SlimeVolley-v0,improved,improved-v3,v3,archived heuristic,structural policy improvement,dev,9000,9050,50,1.86,2.13551,2,-3,5,34,8,8,0.68,1.86,133154,8.793467,pass,pass,088c70f,afca0f1a071d,6,7,Generation-4 structural front_hit_suppression policy edit: suppress jumps when the agent is in front of a descending own-side ball moving toward the net; trace diagnosis showed those contacts redirected balls into the agent half.,No failure observed; use as paired generation-4 development evidence.,Compare opponent-pool regression checks against improved-v4 and baseline-rnn before promotion decisions.
2026-05-26T21:57:52+00:00,SlimeVolley-v0,improved,improved-v4,v4,archived heuristic,structural policy improvement,dev,9000,9050,50,1.34,2.13176,2,-3,5,30,11,9,0.6,1.34,140977,9.332892,pass,pass,088c70f,afca0f1a071d,6,7,Generation-4 structural front_hit_suppression policy edit: suppress jumps when the agent is in front of a descending own-side ball moving toward the net; trace diagnosis showed those contacts redirected balls into the agent half.,No failure observed; use as paired generation-4 development evidence.,Compare opponent-pool regression checks against improved-v4 and baseline-rnn before promotion decisions.
2026-05-26T22:15:48+00:00,SlimeVolley-v0,improved,builtin,slimevolleygym-baseline-rnn,built-in baseline,structural policy improvement,dev,9000,9050,50,-2.24,1.47729,-2,-5,1,1,43,6,0.02,-2.24,145800,9.905138,pass,pass,088c70f,f84296006c64,7,8,"Generation-4 structural rear_wall_low_jump policy edit: when a low descending ball reaches the rear boundary, jump forward instead of backing away below the normal jump threshold; traced losses showed rear-wall balls just below jump_y_min were not being contested.","Still far below the packaged RNN comparator on built-in development seeds; rear_wall_low_jump is a small positive step, not a solution.",Inspect remaining front-net and floor-low built-in losses before any holdout use.
2026-05-26T22:15:51+00:00,SlimeVolley-v0,improved,random,v0,random policy,structural policy improvement,dev,9000,9050,50,4.5,0.754983,5,2,5,50,0,0,1.0,4.5,34145,2.510712,pass,pass,088c70f,f84296006c64,7,8,"Generation-4 structural rear_wall_low_jump policy edit: when a low descending ball reaches the rear boundary, jump forward instead of backing away below the normal jump threshold; traced losses showed rear-wall balls just below jump_y_min were not being contested.",No failure observed; use as paired generation-4 development evidence.,Compare archived-opponent regressions before promoting any broader rescue mode.
2026-05-26T22:15:54+00:00,SlimeVolley-v0,improved,initial,v0,frozen heuristic,structural policy improvement,dev,9000,9050,50,4.5,0.754983,5,2,5,50,0,0,1.0,4.5,38308,2.544236,pass,pass,088c70f,f84296006c64,7,8,"Generation-4 structural rear_wall_low_jump policy edit: when a low descending ball reaches the rear boundary, jump forward instead of backing away below the normal jump threshold; traced losses showed rear-wall balls just below jump_y_min were not being contested.",No failure observed; use as paired generation-4 development evidence.,Compare archived-opponent regressions before promoting any broader rescue mode.
2026-05-26T22:15:56+00:00,SlimeVolley-v0,improved,improved-v0,v0,archived heuristic,structural policy improvement,dev,9000,9050,50,4.48,0.754718,5,2,5,50,0,0,1.0,4.48,36877,2.40875,pass,pass,088c70f,f84296006c64,7,8,"Generation-4 structural rear_wall_low_jump policy edit: when a low descending ball reaches the rear boundary, jump forward instead of backing away below the normal jump threshold; traced losses showed rear-wall balls just below jump_y_min were not being contested.",No failure observed; use as paired generation-4 development evidence.,Compare archived-opponent regressions before promoting any broader rescue mode.
2026-05-26T22:16:01+00:00,SlimeVolley-v0,improved,improved-v2,v2,archived heuristic,structural policy improvement,dev,9000,9050,50,4.16,0.945727,4,2,5,50,0,0,1.0,4.16,58942,3.845336,pass,pass,088c70f,f84296006c64,7,8,"Generation-4 structural rear_wall_low_jump policy edit: when a low descending ball reaches the rear boundary, jump forward instead of backing away below the normal jump threshold; traced losses showed rear-wall balls just below jump_y_min were not being contested.",No failure observed; use as paired generation-4 development evidence.,Compare archived-opponent regressions before promoting any broader rescue mode.
2026-05-26T22:16:10+00:00,SlimeVolley-v0,improved,improved-v3,v3,archived heuristic,structural policy improvement,dev,9000,9050,50,1.94,2.02396,2,-2,5,35,7,8,0.7,1.94,134546,8.887321,pass,pass,088c70f,f84296006c64,7,8,"Generation-4 structural rear_wall_low_jump policy edit: when a low descending ball reaches the rear boundary, jump forward instead of backing away below the normal jump threshold; traced losses showed rear-wall balls just below jump_y_min were not being contested.",No failure observed; use as paired generation-4 development evidence.,Compare archived-opponent regressions before promoting any broader rescue mode.
2026-05-26T22:16:19+00:00,SlimeVolley-v0,improved,improved-v4,v4,archived heuristic,structural policy improvement,dev,9000,9050,50,1.32,2.13016,2,-3,5,30,13,7,0.6,1.32,141875,9.500287,pass,pass,088c70f,f84296006c64,7,8,"Generation-4 structural rear_wall_low_jump policy edit: when a low descending ball reaches the rear boundary, jump forward instead of backing away below the normal jump threshold; traced losses showed rear-wall balls just below jump_y_min were not being contested.",No failure observed; use as paired generation-4 development evidence.,Compare archived-opponent regressions before promoting any broader rescue mode.
2026-05-26T22:16:30+00:00,SlimeVolley-v0,improved,improved-v5,v5,archived heuristic,structural policy improvement,dev,9000,9050,50,0.16,2.06262,0,-5,5,17,19,14,0.34,0.16,146970,10.31991,pass,pass,088c70f,f84296006c64,7,8,"Generation-4 structural rear_wall_low_jump policy edit: when a low descending ball reaches the rear boundary, jump forward instead of backing away below the normal jump threshold; traced losses showed rear-wall balls just below jump_y_min were not being contested.",No failure observed; use as paired generation-4 development evidence.,Compare archived-opponent regressions before promoting any broader rescue mode.
2026-05-26T22:21:59+00:00,SlimeVolley-v0,improved,builtin,slimevolleygym-baseline-rnn,built-in baseline,logging/diagnostics change,dev,9000,9050,50,-2.24,1.47729,-2,-5,1,1,43,6,0.02,-2.24,145800,9.894441,pass,pass,088c70f,f84296006c64,7,8,Generation-4 development-only trace refresh for current improved vs builtin after rear_wall_low_jump; no policy code changed.,Current heuristic still trails baseline-rnn; collect point-event traces to diagnose remaining built-in losses.,Classify point-loss trace buckets and promote only a targeted structural rule that improves fixed development seeds without archived-opponent regressions.
2026-05-26T22:24:24+00:00,SlimeVolley-v0,baseline-rnn,builtin,slimevolleygym-baseline-rnn,built-in baseline,logging/diagnostics change,dev,9000,9050,50,0.12,0.97242,0,-2,2,18,12,20,0.36,0.12,150000,9.73472,pass,pass,088c70f,f84296006c64,7,8,Generation-4 development-only trace refresh for baseline-rnn vs builtin; no heuristic policy code changed.,Trace the neural comparator on the same development seeds to compare point-loss shapes; do not use holdout or audit seeds.,Use comparator traces only as diagnostic context for transparent rule discovery; any maintained improvement must be a code/config/test edit.
2026-05-26T22:31:49+00:00,SlimeVolley-v0,improved,builtin,slimevolleygym-baseline-rnn,built-in baseline,structural policy improvement,dev,9000,9050,50,-2.72,1.5105,-3,-5,1,1,45,4,0.02,-2.72,140024,9.679665,pass,pass,088c70f,8602a03f3b30,8,10,"Generation-4 structural front_net_low_scoop policy edit: when a low descending ball drops near the net, continue moving forward and allow a below-normal jump to contest the drop; archived prior behavior as improved-v6.",Development traces after rear_wall_low_jump showed 75 low near-net point losses for current improved versus 7 for baseline-rnn on the same dev seeds; the old overcommit guard often stopped at x about 0.267 while the ball fell around x 0.10..0.20.,"If built-in mean improves, evaluate the same code against random, initial, and archived opponents including improved-v6; otherwise roll back or narrow the near-net scoop guard."
2026-05-26T22:33:28+00:00,SlimeVolley-v0,improved,builtin,slimevolleygym-baseline-rnn,built-in baseline,structural policy improvement,dev,9000,9050,50,-2.36,1.52,-2,-5,1,1,44,5,0.02,-2.36,142671,9.576429,pass,pass,088c70f,8602a03f3b30,9,11,Generation-4 revised front_net_low_scoop: narrow the failed broad detector to low near-net balls moving back toward the agent while the agent is already at the front guard.,"The prior broad front_net_low_scoop row worsened built-in dev mean to -2.72, so it over-triggered. This revision keeps the same structural idea but gates on positive ball_vx, tighter x/y windows, and agent_x near the front guard.","If this recovers or improves built-in score, run archived-opponent regression checks including improved-v6; otherwise roll back the scoop mode and keep the failed row as evidence."
2026-05-26T22:34:53+00:00,SlimeVolley-v0,improved,builtin,slimevolleygym-baseline-rnn,built-in baseline,invalid/rolled back,dev,9000,9050,50,-2.24,1.47729,-2,-5,1,1,43,6,0.02,-2.24,145800,9.779833,pass,pass,088c70f,8602a03f3b30,10,12,Rollback generation-4 front_net_low_scoop from the maintained improved policy after both broad and narrowed detectors underperformed the previous rear_wall_low_jump checkpoint.,"Broad front_net_low_scoop scored -2.72 and narrowed front_net_low_scoop scored -2.36 against builtin dev seeds, both worse than the pre-scoop -2.24; current policy is restored to the improved-v6 behavior.",Do not pursue a hand-written near-net scoop without better contact timing diagnostics; next structural direction should target return placement or derive a transparent state machine from successful baseline-rnn dev traces.
2026-05-26T22:35:32+00:00,SlimeVolley-v0,improved,improved-v6,v6,archived heuristic,evaluation-harness change,dev,9000,9050,50,0.18,2.06582,0,-5,5,18,19,13,0.36,0.18,146402,9.890091,pass,pass,088c70f,8602a03f3b30,10,12,Generation-4 archived-opponent regression check after rolling back front_net_low_scoop: current improved versus frozen improved-v6.,No policy failure being claimed for this row; it checks that the new archive is available as an opponent after rollback.,Use improved-v6 as the checkpoint opponent for any future structural edit beyond rear_wall_low_jump.
2026-05-26T23:05:38+00:00,SlimeVolley-v0,improved-tuned,builtin,slimevolleygym-baseline-rnn,built-in baseline,scalar/config tuning,dev,9000,9050,50,-1.1,1.18743,-1,-4,2,4,35,11,0.08,-1.1,149772,8.896897,pass,pass,088c70f,035738e1eb64,12,13,"Generation-4 scalar/config tuned structural heuristic improved-tuned: overcommit_guard_x=0.20, x_margin=0.04, low_ball_rescue_horizon=0.06 selected on development seeds after bounded scalar probes; no structural rule changed.","This is scalar/config tuning, not structural heuristic improvement. Built-in performance remains below the packaged baseline-rnn comparator, so it cannot support a claim of neural-comparable heuristic performance.",Use improved-tuned as the generation-4 scalar/config baseline; future structural edits must beat both current improved and improved-tuned across the fixed development opponent pool before holdout.
2026-05-26T23:05:41+00:00,SlimeVolley-v0,improved-tuned,random,v0,random policy,scalar/config tuning,dev,9000,9050,50,4.76,0.471593,5,3,5,50,0,0,1.0,4.76,35512,2.628932,pass,pass,088c70f,035738e1eb64,12,13,"Generation-4 scalar/config tuned structural heuristic improved-tuned: overcommit_guard_x=0.20, x_margin=0.04, low_ball_rescue_horizon=0.06 selected on development seeds after bounded scalar probes; no structural rule changed.","This is scalar/config tuning, not structural heuristic improvement. Built-in performance remains below the packaged baseline-rnn comparator, so it cannot support a claim of neural-comparable heuristic performance.",Use improved-tuned as the generation-4 scalar/config baseline; future structural edits must beat both current improved and improved-tuned across the fixed development opponent pool before holdout.
2026-05-26T23:05:44+00:00,SlimeVolley-v0,improved-tuned,initial,v0,frozen heuristic,scalar/config tuning,dev,9000,9050,50,4.7,0.5,5,3,5,50,0,0,1.0,4.7,40609,2.690107,pass,pass,088c70f,035738e1eb64,12,13,"Generation-4 scalar/config tuned structural heuristic improved-tuned: overcommit_guard_x=0.20, x_margin=0.04, low_ball_rescue_horizon=0.06 selected on development seeds after bounded scalar probes; no structural rule changed.","This is scalar/config tuning, not structural heuristic improvement. Built-in performance remains below the packaged baseline-rnn comparator, so it cannot support a claim of neural-comparable heuristic performance.",Use improved-tuned as the generation-4 scalar/config baseline; future structural edits must beat both current improved and improved-tuned across the fixed development opponent pool before holdout.
2026-05-26T23:05:46+00:00,SlimeVolley-v0,improved-tuned,improved-v0,v0,archived heuristic,scalar/config tuning,dev,9000,9050,50,4.7,0.5,5,3,5,50,0,0,1.0,4.7,39231,2.576615,pass,pass,088c70f,035738e1eb64,12,13,"Generation-4 scalar/config tuned structural heuristic improved-tuned: overcommit_guard_x=0.20, x_margin=0.04, low_ball_rescue_horizon=0.06 selected on development seeds after bounded scalar probes; no structural rule changed.","This is scalar/config tuning, not structural heuristic improvement. Built-in performance remains below the packaged baseline-rnn comparator, so it cannot support a claim of neural-comparable heuristic performance.",Use improved-tuned as the generation-4 scalar/config baseline; future structural edits must beat both current improved and improved-tuned across the fixed development opponent pool before holdout.
2026-05-26T23:05:51+00:00,SlimeVolley-v0,improved-tuned,improved-v2,v2,archived heuristic,scalar/config tuning,dev,9000,9050,50,4.4,0.894427,5,2,5,50,0,0,1.0,4.4,63466,4.222918,pass,pass,088c70f,035738e1eb64,12,13,"Generation-4 scalar/config tuned structural heuristic improved-tuned: overcommit_guard_x=0.20, x_margin=0.04, low_ball_rescue_horizon=0.06 selected on development seeds after bounded scalar probes; no structural rule changed.","This is scalar/config tuning, not structural heuristic improvement. Built-in performance remains below the packaged baseline-rnn comparator, so it cannot support a claim of neural-comparable heuristic performance.",Use improved-tuned as the generation-4 scalar/config baseline; future structural edits must beat both current improved and improved-tuned across the fixed development opponent pool before holdout.
2026-05-26T23:06:00+00:00,SlimeVolley-v0,improved-tuned,improved-v3,v3,archived heuristic,scalar/config tuning,dev,9000,9050,50,1.76,2.33718,2,-4,5,34,7,9,0.68,1.76,137158,8.996715,pass,pass,088c70f,035738e1eb64,12,13,"Generation-4 scalar/config tuned structural heuristic improved-tuned: overcommit_guard_x=0.20, x_margin=0.04, low_ball_rescue_horizon=0.06 selected on development seeds after bounded scalar probes; no structural rule changed.","This is scalar/config tuning, not structural heuristic improvement. Built-in performance remains below the packaged baseline-rnn comparator, so it cannot support a claim of neural-comparable heuristic performance.",Use improved-tuned as the generation-4 scalar/config baseline; future structural edits must beat both current improved and improved-tuned across the fixed development opponent pool before holdout.
2026-05-26T23:06:10+00:00,SlimeVolley-v0,improved-tuned,improved-v4,v4,archived heuristic,scalar/config tuning,dev,9000,9050,50,1.5,2.22935,2,-4,5,31,8,11,0.62,1.5,143440,9.58451,pass,pass,088c70f,035738e1eb64,12,13,"Generation-4 scalar/config tuned structural heuristic improved-tuned: overcommit_guard_x=0.20, x_margin=0.04, low_ball_rescue_horizon=0.06 selected on development seeds after bounded scalar probes; no structural rule changed.","This is scalar/config tuning, not structural heuristic improvement. Built-in performance remains below the packaged baseline-rnn comparator, so it cannot support a claim of neural-comparable heuristic performance.",Use improved-tuned as the generation-4 scalar/config baseline; future structural edits must beat both current improved and improved-tuned across the fixed development opponent pool before holdout.
2026-05-26T23:06:21+00:00,SlimeVolley-v0,improved-tuned,improved-v5,v5,archived heuristic,scalar/config tuning,dev,9000,9050,50,0.88,1.77358,1,-2,4,30,14,6,0.6,0.88,149547,10.176548,pass,pass,088c70f,035738e1eb64,12,13,"Generation-4 scalar/config tuned structural heuristic improved-tuned: overcommit_guard_x=0.20, x_margin=0.04, low_ball_rescue_horizon=0.06 selected on development seeds after bounded scalar probes; no structural rule changed.","This is scalar/config tuning, not structural heuristic improvement. Built-in performance remains below the packaged baseline-rnn comparator, so it cannot support a claim of neural-comparable heuristic performance.",Use improved-tuned as the generation-4 scalar/config baseline; future structural edits must beat both current improved and improved-tuned across the fixed development opponent pool before holdout.
2026-05-26T23:06:31+00:00,SlimeVolley-v0,improved-tuned,improved-v6,v6,archived heuristic,scalar/config tuning,dev,9000,9050,50,0.84,1.7362,1,-2,4,30,14,6,0.6,0.84,149547,10.171094,pass,pass,088c70f,035738e1eb64,12,13,"Generation-4 scalar/config tuned structural heuristic improved-tuned: overcommit_guard_x=0.20, x_margin=0.04, low_ball_rescue_horizon=0.06 selected on development seeds after bounded scalar probes; no structural rule changed.","This is scalar/config tuning, not structural heuristic improvement. Built-in performance remains below the packaged baseline-rnn comparator, so it cannot support a claim of neural-comparable heuristic performance.",Use improved-tuned as the generation-4 scalar/config baseline; future structural edits must beat both current improved and improved-tuned across the fixed development opponent pool before holdout.
2026-05-26T23:18:56+00:00,SlimeVolley-v0,improved-tuned,builtin,slimevolleygym-baseline-rnn,built-in baseline,logging/diagnostics,dev,9000,9050,50,-1.1,1.18743,-1,-4,2,4,35,11,0.08,-1.1,149772,10.295108,pass,pass,088c70f,035738e1eb64,13,13,Generation-4 development-only trace refresh for improved-tuned vs builtin; no policy code changed.,Improved-tuned still trails baseline-rnn; collect point-event traces to diagnose remaining built-in losses without opening holdout or audit seeds.,Compare improved-tuned losses against baseline-rnn traces and attempt only a targeted structural rule that beats the scalar baseline on development seeds.
2026-05-26T23:53:59+00:00,SlimeVolley-v0,improved-tuned,builtin,slimevolleygym-baseline-rnn,built-in baseline,scalar/config tuning,dev,9000,9050,50,-0.44,0.962497,0,-2,2,6,23,21,0.12,-0.44,150000,9.928349,pass,pass,088c70f,035738e1eb64,14,14,"Generation-4 scalar/config tuned v2 improved-tuned: contact_x_window=0.14, high_arc_horizon=0.85, overcommit_guard_x=0.18, low_ball_rescue_x_window=0.72, grounded_low_receive_airborne_margin=0.12, with prior x_margin=0.04 and low_ball_rescue_horizon=0.06; selected on development seeds after bounded scalar probes; no structural rule changed.","This is scalar/config tuning, not structural heuristic improvement. Built-in mean improves but remains below baseline-rnn mean 0.12, so it still cannot support a neural-beating heuristic claim.",Use improved-tuned v2 as the stronger scalar/config baseline; future structural edits must beat both current improved and improved-tuned v2 across the fixed development opponent pool before holdout.
2026-05-26T23:54:02+00:00,SlimeVolley-v0,improved-tuned,random,v0,random policy,scalar/config tuning,dev,9000,9050,50,4.66,0.62,5,2,5,50,0,0,1.0,4.66,39838,2.901187,pass,pass,088c70f,035738e1eb64,14,14,"Generation-4 scalar/config tuned v2 improved-tuned: contact_x_window=0.14, high_arc_horizon=0.85, overcommit_guard_x=0.18, low_ball_rescue_x_window=0.72, grounded_low_receive_airborne_margin=0.12, with prior x_margin=0.04 and low_ball_rescue_horizon=0.06; selected on development seeds after bounded scalar probes; no structural rule changed.","This is scalar/config tuning, not structural heuristic improvement. Built-in mean improves but remains below baseline-rnn mean 0.12, so it still cannot support a neural-beating heuristic claim.",Use improved-tuned v2 as the stronger scalar/config baseline; future structural edits must beat both current improved and improved-tuned v2 across the fixed development opponent pool before holdout.
2026-05-26T23:54:05+00:00,SlimeVolley-v0,improved-tuned,initial,v0,frozen heuristic,scalar/config tuning,dev,9000,9050,50,4.56,0.697424,5,2,5,50,0,0,1.0,4.56,45426,2.964343,pass,pass,088c70f,035738e1eb64,14,14,"Generation-4 scalar/config tuned v2 improved-tuned: contact_x_window=0.14, high_arc_horizon=0.85, overcommit_guard_x=0.18, low_ball_rescue_x_window=0.72, grounded_low_receive_airborne_margin=0.12, with prior x_margin=0.04 and low_ball_rescue_horizon=0.06; selected on development seeds after bounded scalar probes; no structural rule changed.","This is scalar/config tuning, not structural heuristic improvement. Built-in mean improves but remains below baseline-rnn mean 0.12, so it still cannot support a neural-beating heuristic claim.",Use improved-tuned v2 as the stronger scalar/config baseline; future structural edits must beat both current improved and improved-tuned v2 across the fixed development opponent pool before holdout.
2026-05-26T23:54:09+00:00,SlimeVolley-v0,improved-tuned,improved-v0,v0,archived heuristic,scalar/config tuning,dev,9000,9050,50,4.6,0.72111,5,2,5,50,0,0,1.0,4.6,44549,2.937217,pass,pass,088c70f,035738e1eb64,14,14,"Generation-4 scalar/config tuned v2 improved-tuned: contact_x_window=0.14, high_arc_horizon=0.85, overcommit_guard_x=0.18, low_ball_rescue_x_window=0.72, grounded_low_receive_airborne_margin=0.12, with prior x_margin=0.04 and low_ball_rescue_horizon=0.06; selected on development seeds after bounded scalar probes; no structural rule changed.","This is scalar/config tuning, not structural heuristic improvement. Built-in mean improves but remains below baseline-rnn mean 0.12, so it still cannot support a neural-beating heuristic claim.",Use improved-tuned v2 as the stronger scalar/config baseline; future structural edits must beat both current improved and improved-tuned v2 across the fixed development opponent pool before holdout.
2026-05-26T23:54:14+00:00,SlimeVolley-v0,improved-tuned,improved-v2,v2,archived heuristic,scalar/config tuning,dev,9000,9050,50,4.38,1.26317,5,-3,5,49,1,0,0.98,4.38,71170,4.632836,pass,pass,088c70f,035738e1eb64,14,14,"Generation-4 scalar/config tuned v2 improved-tuned: contact_x_window=0.14, high_arc_horizon=0.85, overcommit_guard_x=0.18, low_ball_rescue_x_window=0.72, grounded_low_receive_airborne_margin=0.12, with prior x_margin=0.04 and low_ball_rescue_horizon=0.06; selected on development seeds after bounded scalar probes; no structural rule changed.","This is scalar/config tuning, not structural heuristic improvement. Built-in mean improves but remains below baseline-rnn mean 0.12, so it still cannot support a neural-beating heuristic claim.",Use improved-tuned v2 as the stronger scalar/config baseline; future structural edits must beat both current improved and improved-tuned v2 across the fixed development opponent pool before holdout.
2026-05-26T23:54:23+00:00,SlimeVolley-v0,improved-tuned,improved-v3,v3,archived heuristic,scalar/config tuning,dev,9000,9050,50,2.38,1.56064,2,-1,5,42,1,7,0.84,2.38,142137,9.258773,pass,pass,088c70f,035738e1eb64,14,14,"Generation-4 scalar/config tuned v2 improved-tuned: contact_x_window=0.14, high_arc_horizon=0.85, overcommit_guard_x=0.18, low_ball_rescue_x_window=0.72, grounded_low_receive_airborne_margin=0.12, with prior x_margin=0.04 and low_ball_rescue_horizon=0.06; selected on development seeds after bounded scalar probes; no structural rule changed.","This is scalar/config tuning, not structural heuristic improvement. Built-in mean improves but remains below baseline-rnn mean 0.12, so it still cannot support a neural-beating heuristic claim.",Use improved-tuned v2 as the stronger scalar/config baseline; future structural edits must beat both current improved and improved-tuned v2 across the fixed development opponent pool before holdout.
2026-05-26T23:54:33+00:00,SlimeVolley-v0,improved-tuned,improved-v4,v4,archived heuristic,scalar/config tuning,dev,9000,9050,50,2.08,1.62284,2,-2,5,40,1,9,0.8,2.08,144565,9.731651,pass,pass,088c70f,035738e1eb64,14,14,"Generation-4 scalar/config tuned v2 improved-tuned: contact_x_window=0.14, high_arc_horizon=0.85, overcommit_guard_x=0.18, low_ball_rescue_x_window=0.72, grounded_low_receive_airborne_margin=0.12, with prior x_margin=0.04 and low_ball_rescue_horizon=0.06; selected on development seeds after bounded scalar probes; no structural rule changed.","This is scalar/config tuning, not structural heuristic improvement. Built-in mean improves but remains below baseline-rnn mean 0.12, so it still cannot support a neural-beating heuristic claim.",Use improved-tuned v2 as the stronger scalar/config baseline; future structural edits must beat both current improved and improved-tuned v2 across the fixed development opponent pool before holdout.
2026-05-26T23:54:44+00:00,SlimeVolley-v0,improved-tuned,improved-v5,v5,archived heuristic,scalar/config tuning,dev,9000,9050,50,1.22,1.44624,1,-1,5,31,5,14,0.62,1.22,147554,10.027856,pass,pass,088c70f,035738e1eb64,14,14,"Generation-4 scalar/config tuned v2 improved-tuned: contact_x_window=0.14, high_arc_horizon=0.85, overcommit_guard_x=0.18, low_ball_rescue_x_window=0.72, grounded_low_receive_airborne_margin=0.12, with prior x_margin=0.04 and low_ball_rescue_horizon=0.06; selected on development seeds after bounded scalar probes; no structural rule changed.","This is scalar/config tuning, not structural heuristic improvement. Built-in mean improves but remains below baseline-rnn mean 0.12, so it still cannot support a neural-beating heuristic claim.",Use improved-tuned v2 as the stronger scalar/config baseline; future structural edits must beat both current improved and improved-tuned v2 across the fixed development opponent pool before holdout.
2026-05-26T23:54:54+00:00,SlimeVolley-v0,improved-tuned,improved-v6,v6,archived heuristic,scalar/config tuning,dev,9000,9050,50,1.2,1.44222,1,-1,5,31,5,14,0.62,1.2,147554,10.033431,pass,pass,088c70f,035738e1eb64,14,14,"Generation-4 scalar/config tuned v2 improved-tuned: contact_x_window=0.14, high_arc_horizon=0.85, overcommit_guard_x=0.18, low_ball_rescue_x_window=0.72, grounded_low_receive_airborne_margin=0.12, with prior x_margin=0.04 and low_ball_rescue_horizon=0.06; selected on development seeds after bounded scalar probes; no structural rule changed.","This is scalar/config tuning, not structural heuristic improvement. Built-in mean improves but remains below baseline-rnn mean 0.12, so it still cannot support a neural-beating heuristic claim.",Use improved-tuned v2 as the stronger scalar/config baseline; future structural edits must beat both current improved and improved-tuned v2 across the fixed development opponent pool before holdout.
2026-05-27T00:12:13+00:00,SlimeVolley-v0,attack,builtin,slimevolleygym-baseline-rnn,built-in baseline,structural policy improvement,dev,9000,9050,50,-0.3,1.04403,0,-4,3,7,18,25,0.14,-0.3,150000,10.758413,pass,pass,088c70f,df65ff50ca42,15,15,Generation-4 structural attack candidate: add a narrow late_contact_attack forward+jump rule to improved-tuned v2 for low descending balls moving toward the opponent when the agent is slightly behind contact.,"Partial structural progress only. Built-in mean improves versus improved-tuned v2 but remains below baseline-rnn mean 0.12, and development checks regress nearest archived opponents improved-v5 and improved-v6 versus the scalar baseline.",Do not promote attack over improved-tuned v2. Future work should diagnose active return placement that raises built-in wins without regressing improved-v5/improved-v6 before holdout.
2026-05-27T00:12:16+00:00,SlimeVolley-v0,attack,random,v0,random policy,structural policy improvement,dev,9000,9050,50,4.8,0.52915,5,2,5,50,0,0,1.0,4.8,37905,2.897269,pass,pass,088c70f,df65ff50ca42,15,15,Generation-4 structural attack candidate: add a narrow late_contact_attack forward+jump rule to improved-tuned v2 for low descending balls moving toward the opponent when the agent is slightly behind contact.,"Partial structural progress only. Built-in mean improves versus improved-tuned v2 but remains below baseline-rnn mean 0.12, and development checks regress nearest archived opponents improved-v5 and improved-v6 versus the scalar baseline.",Do not promote attack over improved-tuned v2. Future work should diagnose active return placement that raises built-in wins without regressing improved-v5/improved-v6 before holdout.
2026-05-27T00:12:20+00:00,SlimeVolley-v0,attack,initial,v0,frozen heuristic,structural policy improvement,dev,9000,9050,50,4.7,0.640312,5,2,5,50,0,0,1.0,4.7,44007,3.157386,pass,pass,088c70f,df65ff50ca42,15,15,Generation-4 structural attack candidate: add a narrow late_contact_attack forward+jump rule to improved-tuned v2 for low descending balls moving toward the opponent when the agent is slightly behind contact.,"Partial structural progress only. Built-in mean improves versus improved-tuned v2 but remains below baseline-rnn mean 0.12, and development checks regress nearest archived opponents improved-v5 and improved-v6 versus the scalar baseline.",Do not promote attack over improved-tuned v2. Future work should diagnose active return placement that raises built-in wins without regressing improved-v5/improved-v6 before holdout.
2026-05-27T00:12:23+00:00,SlimeVolley-v0,attack,improved-v0,v0,archived heuristic,structural policy improvement,dev,9000,9050,50,4.74,0.558928,5,2,5,50,0,0,1.0,4.74,44346,3.022505,pass,pass,088c70f,df65ff50ca42,15,15,Generation-4 structural attack candidate: add a narrow late_contact_attack forward+jump rule to improved-tuned v2 for low descending balls moving toward the opponent when the agent is slightly behind contact.,"Partial structural progress only. Built-in mean improves versus improved-tuned v2 but remains below baseline-rnn mean 0.12, and development checks regress nearest archived opponents improved-v5 and improved-v6 versus the scalar baseline.",Do not promote attack over improved-tuned v2. Future work should diagnose active return placement that raises built-in wins without regressing improved-v5/improved-v6 before holdout.
2026-05-27T00:12:29+00:00,SlimeVolley-v0,attack,improved-v2,v2,archived heuristic,structural policy improvement,dev,9000,9050,50,4.36,1.30782,5,-3,5,49,1,0,0.98,4.36,74158,5.164251,pass,pass,088c70f,df65ff50ca42,15,15,Generation-4 structural attack candidate: add a narrow late_contact_attack forward+jump rule to improved-tuned v2 for low descending balls moving toward the opponent when the agent is slightly behind contact.,"Partial structural progress only. Built-in mean improves versus improved-tuned v2 but remains below baseline-rnn mean 0.12, and development checks regress nearest archived opponents improved-v5 and improved-v6 versus the scalar baseline.",Do not promote attack over improved-tuned v2. Future work should diagnose active return placement that raises built-in wins without regressing improved-v5/improved-v6 before holdout.
2026-05-27T00:12:39+00:00,SlimeVolley-v0,attack,improved-v3,v3,archived heuristic,structural policy improvement,dev,9000,9050,50,2.62,1.56064,3,-1,5,46,1,3,0.92,2.62,138953,9.60981,pass,pass,088c70f,df65ff50ca42,15,15,Generation-4 structural attack candidate: add a narrow late_contact_attack forward+jump rule to improved-tuned v2 for low descending balls moving toward the opponent when the agent is slightly behind contact.,"Partial structural progress only. Built-in mean improves versus improved-tuned v2 but remains below baseline-rnn mean 0.12, and development checks regress nearest archived opponents improved-v5 and improved-v6 versus the scalar baseline.",Do not promote attack over improved-tuned v2. Future work should diagnose active return placement that raises built-in wins without regressing improved-v5/improved-v6 before holdout.
2026-05-27T00:12:49+00:00,SlimeVolley-v0,attack,improved-v4,v4,archived heuristic,structural policy improvement,dev,9000,9050,50,2.16,1.72464,2,-1,5,40,3,7,0.8,2.16,143423,10.026268,pass,pass,088c70f,df65ff50ca42,15,15,Generation-4 structural attack candidate: add a narrow late_contact_attack forward+jump rule to improved-tuned v2 for low descending balls moving toward the opponent when the agent is slightly behind contact.,"Partial structural progress only. Built-in mean improves versus improved-tuned v2 but remains below baseline-rnn mean 0.12, and development checks regress nearest archived opponents improved-v5 and improved-v6 versus the scalar baseline.",Do not promote attack over improved-tuned v2. Future work should diagnose active return placement that raises built-in wins without regressing improved-v5/improved-v6 before holdout.
2026-05-27T00:13:00+00:00,SlimeVolley-v0,attack,improved-v5,v5,archived heuristic,structural policy improvement,dev,9000,9050,50,1.08,1.76454,1,-3,5,30,8,12,0.6,1.08,148079,10.580726,pass,pass,088c70f,df65ff50ca42,15,15,Generation-4 structural attack candidate: add a narrow late_contact_attack forward+jump rule to improved-tuned v2 for low descending balls moving toward the opponent when the agent is slightly behind contact.,"Partial structural progress only. Built-in mean improves versus improved-tuned v2 but remains below baseline-rnn mean 0.12, and development checks regress nearest archived opponents improved-v5 and improved-v6 versus the scalar baseline.",Do not promote attack over improved-tuned v2. Future work should diagnose active return placement that raises built-in wins without regressing improved-v5/improved-v6 before holdout.
2026-05-27T00:13:11+00:00,SlimeVolley-v0,attack,improved-v6,v6,archived heuristic,structural policy improvement,dev,9000,9050,50,1.06,1.73678,1,-3,5,30,8,12,0.6,1.06,148079,10.532863,pass,pass,088c70f,df65ff50ca42,15,15,Generation-4 structural attack candidate: add a narrow late_contact_attack forward+jump rule to improved-tuned v2 for low descending balls moving toward the opponent when the agent is slightly behind contact.,"Partial structural progress only. Built-in mean improves versus improved-tuned v2 but remains below baseline-rnn mean 0.12, and development checks regress nearest archived opponents improved-v5 and improved-v6 versus the scalar baseline.",Do not promote attack over improved-tuned v2. Future work should diagnose active return placement that raises built-in wins without regressing improved-v5/improved-v6 before holdout.
2026-05-27T00:45:08+00:00,SlimeVolley-v0,attack,builtin,slimevolleygym-baseline-rnn,built-in baseline,logging/diagnostics change,dev,9000,9050,50,-0.3,1.04403,0,-4,3,7,18,25,0.14,-0.3,150000,10.891118,pass,pass,088c70f,df65ff50ca42,16,15,Generation-4 development-only trace refresh for attack vs builtin after joint scalar-search failure; no policy code changed.,Attack still trails baseline-rnn and regresses nearest archives; collect point-event traces to identify a structural return-placement rule without opening holdout or audit seeds.,Compare attack loss/win state buckets against baseline-rnn traces and test one interpretable contact-placement rule on development seeds only.
2026-05-27T00:45:37+00:00,SlimeVolley-v0,baseline-rnn,builtin,slimevolleygym-baseline-rnn,built-in baseline,logging/diagnostics change,dev,9000,9050,50,0.12,0.97242,0,-2,2,18,12,20,0.36,0.12,150000,9.617493,pass,pass,088c70f,df65ff50ca42,16,15,Generation-4 development-only trace refresh for baseline-rnn comparator vs builtin; no policy code changed.,Use comparator traces only for diagnosis; do not promote hidden neural runtime behavior into the maintained heuristic.,Compare baseline-rnn point-event state/action buckets with attack and extract only transparent rule candidates for dev-only testing.
2026-05-27T02:31:40+00:00,SlimeVolley-v0,rally-serve,builtin,slimevolleygym-baseline-rnn,built-in baseline,structural policy improvement,dev,9000,9050,50,0.14,0.824864,0,-2,3,13,8,29,0.26,0.14,150000,10.338062,pass,pass,5f7667a,732e954236a7,17,4,Generation-4 rally-serve candidate: add point-reset serve detector on top of late-contact attack plus scalar/config fields that beat baseline-rnn on built-in development seeds.,Development evidence: beats baseline-rnn on built-in seeds 9000..9049 but still requires holdout and audit evaluation before any final claim; fixed opponent pool is logged to detect archive regressions.,"If tests and fixed-pool checks remain acceptable, freeze this candidate and evaluate only through the predeclared final/audit protocol; do not tune on holdout."
2026-05-27T02:31:44+00:00,SlimeVolley-v0,rally-serve,random,v0,random policy,structural policy improvement,dev,9000,9050,50,4.74,0.558928,5,2,5,50,0,0,1.0,4.74,38217,3.333696,pass,pass,5f7667a,478dc7ae7658,17,4,Generation-4 rally-serve candidate: add point-reset serve detector on top of late-contact attack plus scalar/config fields that beat baseline-rnn on built-in development seeds.,Development evidence: beats baseline-rnn on built-in seeds 9000..9049 but still requires holdout and audit evaluation before any final claim; fixed opponent pool is logged to detect archive regressions.,"If tests and fixed-pool checks remain acceptable, freeze this candidate and evaluate only through the predeclared final/audit protocol; do not tune on holdout."
2026-05-27T02:31:48+00:00,SlimeVolley-v0,rally-serve,initial,v0,frozen heuristic,structural policy improvement,dev,9000,9050,50,4.68,0.614492,5,2,5,50,0,0,1.0,4.68,44634,3.682572,pass,pass,5f7667a,93b227693212,17,4,Generation-4 rally-serve candidate: add point-reset serve detector on top of late-contact attack plus scalar/config fields that beat baseline-rnn on built-in development seeds.,Development evidence: beats baseline-rnn on built-in seeds 9000..9049 but still requires holdout and audit evaluation before any final claim; fixed opponent pool is logged to detect archive regressions.,"If tests and fixed-pool checks remain acceptable, freeze this candidate and evaluate only through the predeclared final/audit protocol; do not tune on holdout."
2026-05-27T02:31:53+00:00,SlimeVolley-v0,rally-serve,improved-v0,v0,archived heuristic,structural policy improvement,dev,9000,9050,50,4.7,0.574456,5,2,5,50,0,0,1.0,4.7,43242,3.479102,pass,pass,5f7667a,178ad2a0ce9f,17,4,Generation-4 rally-serve candidate: add point-reset serve detector on top of late-contact attack plus scalar/config fields that beat baseline-rnn on built-in development seeds.,Development evidence: beats baseline-rnn on built-in seeds 9000..9049 but still requires holdout and audit evaluation before any final claim; fixed opponent pool is logged to detect archive regressions.,"If tests and fixed-pool checks remain acceptable, freeze this candidate and evaluate only through the predeclared final/audit protocol; do not tune on holdout."
2026-05-27T02:32:00+00:00,SlimeVolley-v0,rally-serve,improved-v2,v2,archived heuristic,structural policy improvement,dev,9000,9050,50,4.38,1.07499,5,-1,5,49,1,0,0.98,4.38,76391,6.094672,pass,pass,5f7667a,b4226dc5afd9,17,4,Generation-4 rally-serve candidate: add point-reset serve detector on top of late-contact attack plus scalar/config fields that beat baseline-rnn on built-in development seeds.,Development evidence: beats baseline-rnn on built-in seeds 9000..9049 but still requires holdout and audit evaluation before any final claim; fixed opponent pool is logged to detect archive regressions.,"If tests and fixed-pool checks remain acceptable, freeze this candidate and evaluate only through the predeclared final/audit protocol; do not tune on holdout."
2026-05-27T02:32:11+00:00,SlimeVolley-v0,rally-serve,improved-v3,v3,archived heuristic,structural policy improvement,dev,9000,9050,50,2.98,1.43513,3,0,5,48,0,2,0.96,2.98,138122,10.791262,pass,pass,5f7667a,d0c7f1676bbd,17,4,Generation-4 rally-serve candidate: add point-reset serve detector on top of late-contact attack plus scalar/config fields that beat baseline-rnn on built-in development seeds.,Development evidence: beats baseline-rnn on built-in seeds 9000..9049 but still requires holdout and audit evaluation before any final claim; fixed opponent pool is logged to detect archive regressions.,"If tests and fixed-pool checks remain acceptable, freeze this candidate and evaluate only through the predeclared final/audit protocol; do not tune on holdout."
2026-05-27T02:32:24+00:00,SlimeVolley-v0,rally-serve,improved-v4,v4,archived heuristic,structural policy improvement,dev,9000,9050,50,2.34,1.46438,2,0,5,44,0,6,0.88,2.34,143814,12.087026,pass,pass,5f7667a,4edd926b731c,17,4,Generation-4 rally-serve candidate: add point-reset serve detector on top of late-contact attack plus scalar/config fields that beat baseline-rnn on built-in development seeds.,Development evidence: beats baseline-rnn on built-in seeds 9000..9049 but still requires holdout and audit evaluation before any final claim; fixed opponent pool is logged to detect archive regressions.,"If tests and fixed-pool checks remain acceptable, freeze this candidate and evaluate only through the predeclared final/audit protocol; do not tune on holdout."
2026-05-27T02:32:37+00:00,SlimeVolley-v0,rally-serve,improved-v5,v5,archived heuristic,structural policy improvement,dev,9000,9050,50,1.16,1.50147,1,-2,4,32,7,11,0.64,1.16,149716,12.388666,pass,pass,5f7667a,c0c052da9dcd,17,4,Generation-4 rally-serve candidate: add point-reset serve detector on top of late-contact attack plus scalar/config fields that beat baseline-rnn on built-in development seeds.,Development evidence: beats baseline-rnn on built-in seeds 9000..9049 but still requires holdout and audit evaluation before any final claim; fixed opponent pool is logged to detect archive regressions.,"If tests and fixed-pool checks remain acceptable, freeze this candidate and evaluate only through the predeclared final/audit protocol; do not tune on holdout."
2026-05-27T02:32:51+00:00,SlimeVolley-v0,rally-serve,improved-v6,v6,archived heuristic,structural policy improvement,dev,9000,9050,50,1.22,1.54,1,-2,4,32,7,11,0.64,1.22,149716,12.554633,pass,pass,5f7667a,2a78fc3fb656,17,4,Generation-4 rally-serve candidate: add point-reset serve detector on top of late-contact attack plus scalar/config fields that beat baseline-rnn on built-in development seeds.,Development evidence: beats baseline-rnn on built-in seeds 9000..9049 but still requires holdout and audit evaluation before any final claim; fixed opponent pool is logged to detect archive regressions.,"If tests and fixed-pool checks remain acceptable, freeze this candidate and evaluate only through the predeclared final/audit protocol; do not tune on holdout."
2026-05-27T03:06:27+00:00,SlimeVolley-v0,random,builtin,slimevolleygym-baseline-rnn,built-in baseline,evaluation-harness change,holdout,10000,10050,50,-4.84,0.463033,-5,-5,-3,0,50,0,0.0,-4.84,28961,1.951512,pass,pass,a426cc9,934ec62eaa07,0,0,Final SlimeVolley holdout matchup 1/63: random vs builtin. This row must not be used for tuning.,"Final holdout evaluation row. Any failure or weak score is reported as evidence, not a tuning signal.",Do not tune on holdout results. Use them only for the final conclusion and future fresh experiments.
2026-05-27T03:06:29+00:00,SlimeVolley-v0,random,random,v0,random policy,evaluation-harness change,holdout,10000,10050,50,0.24,2.81112,1,-5,5,28,22,0,0.56,0.24,31586,2.214539,pass,pass,a426cc9,9cac525a5952,0,0,Final SlimeVolley holdout matchup 2/63: random vs random. This row must not be used for tuning.,"Final holdout evaluation row. Any failure or weak score is reported as evidence, not a tuning signal.",Do not tune on holdout results. Use them only for the final conclusion and future fresh experiments.
2026-05-27T03:06:33+00:00,SlimeVolley-v0,random,initial,v0,frozen heuristic,evaluation-harness change,holdout,10000,10050,50,-1.84,2.51682,-2,-5,5,11,39,0,0.22,-1.84,34422,2.630797,pass,pass,a426cc9,ebc52729f8f9,0,0,Final SlimeVolley holdout matchup 3/63: random vs initial. This row must not be used for tuning.,"Final holdout evaluation row. Any failure or weak score is reported as evidence, not a tuning signal.",Do not tune on holdout results. Use them only for the final conclusion and future fresh experiments.
2026-05-27T03:06:36+00:00,SlimeVolley-v0,random,improved-v0,v0,archived heuristic,evaluation-harness change,holdout,10000,10050,50,-1.88,2.56624,-2,-5,5,10,40,0,0.2,-1.88,33180,2.394757,pass,pass,a426cc9,fce9e91862fa,0,0,Final SlimeVolley holdout matchup 4/63: random vs improved-v0. This row must not be used for tuning.,"Final holdout evaluation row. Any failure or weak score is reported as evidence, not a tuning signal.",Do not tune on holdout results. Use them only for the final conclusion and future fresh experiments.
2026-05-27T03:06:39+00:00,SlimeVolley-v0,random,improved-v2,v2,archived heuristic,evaluation-harness change,holdout,10000,10050,50,-3.28,1.73251,-3,-5,5,2,48,0,0.04,-3.28,33850,2.473442,pass,pass,a426cc9,1a6c8c8e2653,0,0,Final SlimeVolley holdout matchup 5/63: random vs improved-v2. This row must not be used for tuning.,"Final holdout evaluation row. Any failure or weak score is reported as evidence, not a tuning signal.",Do not tune on holdout results. Use them only for the final conclusion and future fresh experiments.
2026-05-27T03:06:42+00:00,SlimeVolley-v0,random,improved-v3,v3,archived heuristic,evaluation-harness change,holdout,10000,10050,50,-3.56,1.81284,-4,-5,5,2,48,0,0.04,-3.56,35873,2.553485,pass,pass,a426cc9,618335e4fa46,0,0,Final SlimeVolley holdout matchup 6/63: random vs improved-v3. This row must not be used for tuning.,"Final holdout evaluation row. Any failure or weak score is reported as evidence, not a tuning signal.",Do not tune on holdout results. Use them only for the final conclusion and future fresh experiments.
2026-05-27T03:06:46+00:00,SlimeVolley-v0,random,improved-v4,v4,archived heuristic,evaluation-harness change,holdout,10000,10050,50,-4.02,0.88295,-4,-5,-2,0,50,0,0.0,-4.02,40144,3.106957,pass,pass,a426cc9,65bac41f9789,0,0,Final SlimeVolley holdout matchup 7/63: random vs improved-v4. This row must not be used for tuning.,"Final holdout evaluation row. Any failure or weak score is reported as evidence, not a tuning signal.",Do not tune on holdout results. Use them only for the final conclusion and future fresh experiments.
2026-05-27T03:06:49+00:00,SlimeVolley-v0,random,improved-v5,v5,archived heuristic,evaluation-harness change,holdout,10000,10050,50,-4.68,0.545527,-5,-5,-3,0,50,0,0.0,-4.68,32709,2.690754,pass,pass,a426cc9,c5856be7b553,0,0,Final SlimeVolley holdout matchup 8/63: random vs improved-v5. This row must not be used for tuning.,"Final holdout evaluation row. Any failure or weak score is reported as evidence, not a tuning signal.",Do not tune on holdout results. Use them only for the final conclusion and future fresh experiments.
2026-05-27T03:06:52+00:00,SlimeVolley-v0,random,improved-v6,v6,archived heuristic,evaluation-harness change,holdout,10000,10050,50,-4.68,0.545527,-5,-5,-3,0,50,0,0.0,-4.68,32678,2.562639,pass,pass,a426cc9,6f835f0cbffa,0,0,Final SlimeVolley holdout matchup 9/63: random vs improved-v6. This row must not be used for tuning.,"Final holdout evaluation row. Any failure or weak score is reported as evidence, not a tuning signal.",Do not tune on holdout results. Use them only for the final conclusion and future fresh experiments.
2026-05-27T03:06:55+00:00,SlimeVolley-v0,initial,builtin,slimevolleygym-baseline-rnn,built-in baseline,evaluation-harness change,holdout,10000,10050,50,-4.8,0.52915,-5,-5,-3,0,50,0,0.0,-4.8,33267,2.04622,pass,pass,a426cc9,192cbbbe25e2,0,0,Final SlimeVolley holdout matchup 10/63: initial vs builtin. This row must not be used for tuning.,"Final holdout evaluation row. Any failure or weak score is reported as evidence, not a tuning signal.",Do not tune on holdout results. Use them only for the final conclusion and future fresh experiments.
2026-05-27T03:06:58+00:00,SlimeVolley-v0,initial,random,v0,random policy,evaluation-harness change,holdout,10000,10050,50,2.12,2.47095,3,-4,5,41,9,0,0.82,2.12,32623,2.52456,pass,pass,a426cc9,83ee9875eb8c,0,0,Final SlimeVolley holdout matchup 11/63: initial vs random. This row must not be used for tuning.,"Final holdout evaluation row. Any failure or weak score is reported as evidence, not a tuning signal.",Do not tune on holdout results. Use them only for the final conclusion and future fresh experiments.
2026-05-27T03:07:02+00:00,SlimeVolley-v0,initial,initial,v0,frozen heuristic,evaluation-harness change,holdout,10000,10050,50,0.14,2.46585,0,-4,5,25,25,0,0.5,0.14,40364,2.942819,pass,pass,a426cc9,308d7ed774e0,0,0,Final SlimeVolley holdout matchup 12/63: initial vs initial. This row must not be used for tuning.,"Final holdout evaluation row. Any failure or weak score is reported as evidence, not a tuning signal.",Do not tune on holdout results. Use them only for the final conclusion and future fresh experiments.
2026-05-27T03:07:05+00:00,SlimeVolley-v0,initial,improved-v0,v0,archived heuristic,evaluation-harness change,holdout,10000,10050,50,0.22,2.27412,1,-4,5,26,24,0,0.52,0.22,41141,2.972603,pass,pass,a426cc9,e87e23499e91,0,0,Final SlimeVolley holdout matchup 13/63: initial vs improved-v0. This row must not be used for tuning.,"Final holdout evaluation row. Any failure or weak score is reported as evidence, not a tuning signal.",Do not tune on holdout results. Use them only for the final conclusion and future fresh experiments.
2026-05-27T03:07:09+00:00,SlimeVolley-v0,initial,improved-v2,v2,archived heuristic,evaluation-harness change,holdout,10000,10050,50,-2.52,1.97221,-3,-5,5,5,45,0,0.1,-2.52,40930,2.910859,pass,pass,a426cc9,8dbb0ed1a93e,0,0,Final SlimeVolley holdout matchup 14/63: initial vs improved-v2. This row must not be used for tuning.,"Final holdout evaluation row. Any failure or weak score is reported as evidence, not a tuning signal.",Do not tune on holdout results. Use them only for the final conclusion and future fresh experiments.
2026-05-27T03:07:13+00:00,SlimeVolley-v0,initial,improved-v3,v3,archived heuristic,evaluation-harness change,holdout,10000,10050,50,-3.26,2.01802,-4,-5,5,4,46,0,0.08,-3.26,42255,2.932696,pass,pass,a426cc9,a4825d44d876,0,0,Final SlimeVolley holdout matchup 15/63: initial vs improved-v3. This row must not be used for tuning.,"Final holdout evaluation row. Any failure or weak score is reported as evidence, not a tuning signal.",Do not tune on holdout results. Use them only for the final conclusion and future fresh experiments.
2026-05-27T03:07:17+00:00,SlimeVolley-v0,initial,improved-v4,v4,archived heuristic,evaluation-harness change,holdout,10000,10050,50,-3.8,1.07703,-4,-5,-1,0,50,0,0.0,-3.8,47143,3.546662,pass,pass,a426cc9,e19257cbe313,0,0,Final SlimeVolley holdout matchup 16/63: initial vs improved-v4. This row must not be used for tuning.,"Final holdout evaluation row. Any failure or weak score is reported as evidence, not a tuning signal.",Do not tune on holdout results. Use them only for the final conclusion and future fresh experiments.
2026-05-27T03:07:20+00:00,SlimeVolley-v0,initial,improved-v5,v5,archived heuristic,evaluation-harness change,holdout,10000,10050,50,-4.54,0.753923,-5,-5,-1,0,50,0,0.0,-4.54,37708,2.976262,pass,pass,a426cc9,c6b7c0e7a190,0,0,Final SlimeVolley holdout matchup 17/63: initial vs improved-v5. This row must not be used for tuning.,"Final holdout evaluation row. Any failure or weak score is reported as evidence, not a tuning signal.",Do not tune on holdout results. Use them only for the final conclusion and future fresh experiments.
2026-05-27T03:07:24+00:00,SlimeVolley-v0,initial,improved-v6,v6,archived heuristic,evaluation-harness change,holdout,10000,10050,50,-4.54,0.753923,-5,-5,-1,0,50,0,0.0,-4.54,37708,2.946606,pass,pass,a426cc9,ea1df588b176,0,0,Final SlimeVolley holdout matchup 18/63: initial vs improved-v6. This row must not be used for tuning.,"Final holdout evaluation row. Any failure or weak score is reported as evidence, not a tuning signal.",Do not tune on holdout results. Use them only for the final conclusion and future fresh experiments.
2026-05-27T03:07:35+00:00,SlimeVolley-v0,improved,builtin,slimevolleygym-baseline-rnn,built-in baseline,evaluation-harness change,holdout,10000,10050,50,-2.66,1.47797,-3,-5,1,1,47,2,0.02,-2.66,146843,9.861127,pass,pass,a426cc9,6066d4c3d08d,0,0,Final SlimeVolley holdout matchup 19/63: improved vs builtin. This row must not be used for tuning.,"Final holdout evaluation row. Any failure or weak score is reported as evidence, not a tuning signal.",Do not tune on holdout results. Use them only for the final conclusion and future fresh experiments.
2026-05-27T03:07:38+00:00,SlimeVolley-v0,improved,random,v0,random policy,evaluation-harness change,holdout,10000,10050,50,4.66,0.586856,5,3,5,50,0,0,1.0,4.66,30509,2.497792,pass,pass,a426cc9,48e3dc8a537a,0,0,Final SlimeVolley holdout matchup 20/63: improved vs random. This row must not be used for tuning.,"Final holdout evaluation row. Any failure or weak score is reported as evidence, not a tuning signal.",Do not tune on holdout results. Use them only for the final conclusion and future fresh experiments.
2026-05-27T03:07:41+00:00,SlimeVolley-v0,improved,initial,v0,frozen heuristic,evaluation-harness change,holdout,10000,10050,50,4.6,0.632456,5,3,5,50,0,0,1.0,4.6,37081,2.917344,pass,pass,a426cc9,04f239395cbf,0,0,Final SlimeVolley holdout matchup 21/63: improved vs initial. This row must not be used for tuning.,"Final holdout evaluation row. Any failure or weak score is reported as evidence, not a tuning signal.",Do not tune on holdout results. Use them only for the final conclusion and future fresh experiments.
2026-05-27T03:07:45+00:00,SlimeVolley-v0,improved,improved-v0,v0,archived heuristic,evaluation-harness change,holdout,10000,10050,50,4.68,0.614492,5,3,5,50,0,0,1.0,4.68,35270,2.611907,pass,pass,a426cc9,b1cf85cbedfc,0,0,Final SlimeVolley holdout matchup 22/63: improved vs improved-v0. This row must not be used for tuning.,"Final holdout evaluation row. Any failure or weak score is reported as evidence, not a tuning signal.",Do not tune on holdout results. Use them only for the final conclusion and future fresh experiments.
2026-05-27T03:07:50+00:00,SlimeVolley-v0,improved,improved-v2,v2,archived heuristic,evaluation-harness change,holdout,10000,10050,50,4.36,0.714423,4.5,3,5,50,0,0,1.0,4.36,56524,4.267328,pass,pass,a426cc9,0a9c0d9d76c4,0,0,Final SlimeVolley holdout matchup 23/63: improved vs improved-v2. This row must not be used for tuning.,"Final holdout evaluation row. Any failure or weak score is reported as evidence, not a tuning signal.",Do not tune on holdout results. Use them only for the final conclusion and future fresh experiments.
2026-05-27T03:08:00+00:00,SlimeVolley-v0,improved,improved-v3,v3,archived heuristic,evaluation-harness change,holdout,10000,10050,50,2.16,1.97342,2,-3,5,40,6,4,0.8,2.16,134402,9.990328,pass,pass,a426cc9,0866a99dde07,0,0,Final SlimeVolley holdout matchup 24/63: improved vs improved-v3. This row must not be used for tuning.,"Final holdout evaluation row. Any failure or weak score is reported as evidence, not a tuning signal.",Do not tune on holdout results. Use them only for the final conclusion and future fresh experiments.
2026-05-27T03:08:12+00:00,SlimeVolley-v0,improved,improved-v4,v4,archived heuristic,evaluation-harness change,holdout,10000,10050,50,1.9,1.83576,2,-3,5,41,4,5,0.82,1.9,142019,11.418653,pass,pass,a426cc9,443e5dc2e4f5,0,0,Final SlimeVolley holdout matchup 25/63: improved vs improved-v4. This row must not be used for tuning.,"Final holdout evaluation row. Any failure or weak score is reported as evidence, not a tuning signal.",Do not tune on holdout results. Use them only for the final conclusion and future fresh experiments.
2026-05-27T03:08:25+00:00,SlimeVolley-v0,improved,improved-v5,v5,archived heuristic,evaluation-harness change,holdout,10000,10050,50,0.22,1.68867,1,-3,4,26,19,5,0.52,0.22,149346,12.294589,pass,pass,a426cc9,a88fdac53877,0,0,Final SlimeVolley holdout matchup 26/63: improved vs improved-v5. This row must not be used for tuning.,"Final holdout evaluation row. Any failure or weak score is reported as evidence, not a tuning signal.",Do not tune on holdout results. Use them only for the final conclusion and future fresh experiments.
2026-05-27T03:08:38+00:00,SlimeVolley-v0,improved,improved-v6,v6,archived heuristic,evaluation-harness change,holdout,10000,10050,50,0.3,1.72337,1,-3,4,27,18,5,0.54,0.3,148933,12.024069,pass,pass,a426cc9,d8d240465abf,0,0,Final SlimeVolley holdout matchup 27/63: improved vs improved-v6. This row must not be used for tuning.,"Final holdout evaluation row. Any failure or weak score is reported as evidence, not a tuning signal.",Do not tune on holdout results. Use them only for the final conclusion and future fresh experiments.
2026-05-27T03:08:49+00:00,SlimeVolley-v0,improved-tuned,builtin,slimevolleygym-baseline-rnn,built-in baseline,evaluation-harness change,holdout,10000,10050,50,-0.56,1.02294,0,-3,1,6,23,21,0.12,-0.56,150000,9.959753,pass,pass,a426cc9,6714ffc9eb90,0,0,Final SlimeVolley holdout matchup 28/63: improved-tuned vs builtin. This row must not be used for tuning.,"Final holdout evaluation row. Any failure or weak score is reported as evidence, not a tuning signal.",Do not tune on holdout results. Use them only for the final conclusion and future fresh experiments.
2026-05-27T03:08:53+00:00,SlimeVolley-v0,improved-tuned,random,v0,random policy,evaluation-harness change,holdout,10000,10050,50,4.84,0.366606,5,4,5,50,0,0,1.0,4.84,35978,2.930224,pass,pass,a426cc9,e1be026ea533,0,0,Final SlimeVolley holdout matchup 29/63: improved-tuned vs random. This row must not be used for tuning.,"Final holdout evaluation row. Any failure or weak score is reported as evidence, not a tuning signal.",Do not tune on holdout results. Use them only for the final conclusion and future fresh experiments.
2026-05-27T03:08:57+00:00,SlimeVolley-v0,improved-tuned,initial,v0,frozen heuristic,evaluation-harness change,holdout,10000,10050,50,4.74,0.438634,5,4,5,50,0,0,1.0,4.74,45233,3.535094,pass,pass,a426cc9,72627f9f8bab,0,0,Final SlimeVolley holdout matchup 30/63: improved-tuned vs initial. This row must not be used for tuning.,"Final holdout evaluation row. Any failure or weak score is reported as evidence, not a tuning signal.",Do not tune on holdout results. Use them only for the final conclusion and future fresh experiments.
2026-05-27T03:09:01+00:00,SlimeVolley-v0,improved-tuned,improved-v0,v0,archived heuristic,evaluation-harness change,holdout,10000,10050,50,4.78,0.414246,5,4,5,50,0,0,1.0,4.78,43419,3.297326,pass,pass,a426cc9,5ef14c0c76b2,0,0,Final SlimeVolley holdout matchup 31/63: improved-tuned vs improved-v0. This row must not be used for tuning.,"Final holdout evaluation row. Any failure or weak score is reported as evidence, not a tuning signal.",Do not tune on holdout results. Use them only for the final conclusion and future fresh experiments.
2026-05-27T03:09:07+00:00,SlimeVolley-v0,improved-tuned,improved-v2,v2,archived heuristic,evaluation-harness change,holdout,10000,10050,50,4.42,0.776917,5,2,5,50,0,0,1.0,4.42,74245,5.556623,pass,pass,a426cc9,a20595c56e58,0,0,Final SlimeVolley holdout matchup 32/63: improved-tuned vs improved-v2. This row must not be used for tuning.,"Final holdout evaluation row. Any failure or weak score is reported as evidence, not a tuning signal.",Do not tune on holdout results. Use them only for the final conclusion and future fresh experiments.
2026-05-27T03:09:18+00:00,SlimeVolley-v0,improved-tuned,improved-v3,v3,archived heuristic,evaluation-harness change,holdout,10000,10050,50,2.34,1.6323,2,-1,5,40,2,8,0.8,2.34,141881,10.511638,pass,pass,a426cc9,58e4b54425be,0,0,Final SlimeVolley holdout matchup 33/63: improved-tuned vs improved-v3. This row must not be used for tuning.,"Final holdout evaluation row. Any failure or weak score is reported as evidence, not a tuning signal.",Do not tune on holdout results. Use them only for the final conclusion and future fresh experiments.
2026-05-27T03:09:30+00:00,SlimeVolley-v0,improved-tuned,improved-v4,v4,archived heuristic,evaluation-harness change,holdout,10000,10050,50,1.88,1.63267,2,-1,5,39,3,8,0.78,1.88,144380,11.326885,pass,pass,a426cc9,6ab9f5b85d80,0,0,Final SlimeVolley holdout matchup 34/63: improved-tuned vs improved-v4. This row must not be used for tuning.,"Final holdout evaluation row. Any failure or weak score is reported as evidence, not a tuning signal.",Do not tune on holdout results. Use them only for the final conclusion and future fresh experiments.
2026-05-27T03:09:43+00:00,SlimeVolley-v0,improved-tuned,improved-v5,v5,archived heuristic,evaluation-harness change,holdout,10000,10050,50,0.74,1.68297,0,-3,4,24,9,17,0.48,0.74,149271,12.056546,pass,pass,a426cc9,4dad9e2ad4c8,0,0,Final SlimeVolley holdout matchup 35/63: improved-tuned vs improved-v5. This row must not be used for tuning.,"Final holdout evaluation row. Any failure or weak score is reported as evidence, not a tuning signal.",Do not tune on holdout results. Use them only for the final conclusion and future fresh experiments.
2026-05-27T03:09:56+00:00,SlimeVolley-v0,improved-tuned,improved-v6,v6,archived heuristic,evaluation-harness change,holdout,10000,10050,50,0.7,1.64012,0,-3,4,23,8,19,0.46,0.7,149271,12.385544,pass,pass,a426cc9,fd1f16f2386f,0,0,Final SlimeVolley holdout matchup 36/63: improved-tuned vs improved-v6. This row must not be used for tuning.,"Final holdout evaluation row. Any failure or weak score is reported as evidence, not a tuning signal.",Do not tune on holdout results. Use them only for the final conclusion and future fresh experiments.
2026-05-27T03:10:08+00:00,SlimeVolley-v0,attack,builtin,slimevolleygym-baseline-rnn,built-in baseline,evaluation-harness change,holdout,10000,10050,50,-0.1,1.06301,0,-3,2,12,19,19,0.24,-0.1,150000,10.791802,pass,pass,a426cc9,b92804a972c5,0,0,Final SlimeVolley holdout matchup 37/63: attack vs builtin. This row must not be used for tuning.,"Final holdout evaluation row. Any failure or weak score is reported as evidence, not a tuning signal.",Do not tune on holdout results. Use them only for the final conclusion and future fresh experiments.
2026-05-27T03:10:12+00:00,SlimeVolley-v0,attack,random,v0,random policy,evaluation-harness change,holdout,10000,10050,50,4.82,0.384187,5,4,5,50,0,0,1.0,4.82,36020,3.116841,pass,pass,a426cc9,907d2ace13d5,0,0,Final SlimeVolley holdout matchup 38/63: attack vs random. This row must not be used for tuning.,"Final holdout evaluation row. Any failure or weak score is reported as evidence, not a tuning signal.",Do not tune on holdout results. Use them only for the final conclusion and future fresh experiments.
2026-05-27T03:10:16+00:00,SlimeVolley-v0,attack,initial,v0,frozen heuristic,evaluation-harness change,holdout,10000,10050,50,4.78,0.46,5,3,5,50,0,0,1.0,4.78,44465,3.707568,pass,pass,a426cc9,7d50ab7b1bb1,0,0,Final SlimeVolley holdout matchup 39/63: attack vs initial. This row must not be used for tuning.,"Final holdout evaluation row. Any failure or weak score is reported as evidence, not a tuning signal.",Do not tune on holdout results. Use them only for the final conclusion and future fresh experiments.
2026-05-27T03:10:20+00:00,SlimeVolley-v0,attack,improved-v0,v0,archived heuristic,evaluation-harness change,holdout,10000,10050,50,4.8,0.4,5,4,5,50,0,0,1.0,4.8,43232,3.404548,pass,pass,a426cc9,676f3860bcbb,0,0,Final SlimeVolley holdout matchup 40/63: attack vs improved-v0. This row must not be used for tuning.,"Final holdout evaluation row. Any failure or weak score is reported as evidence, not a tuning signal.",Do not tune on holdout results. Use them only for the final conclusion and future fresh experiments.
2026-05-27T03:10:27+00:00,SlimeVolley-v0,attack,improved-v2,v2,archived heuristic,evaluation-harness change,holdout,10000,10050,50,4.56,0.637495,5,3,5,50,0,0,1.0,4.56,77611,6.137746,pass,pass,a426cc9,12b26234b74d,0,0,Final SlimeVolley holdout matchup 41/63: attack vs improved-v2. This row must not be used for tuning.,"Final holdout evaluation row. Any failure or weak score is reported as evidence, not a tuning signal.",Do not tune on holdout results. Use them only for the final conclusion and future fresh experiments.
2026-05-27T03:10:39+00:00,SlimeVolley-v0,attack,improved-v3,v3,archived heuristic,evaluation-harness change,holdout,10000,10050,50,2.7,1.75784,3,-1,5,41,2,7,0.82,2.7,138835,10.708764,pass,pass,a426cc9,60552e3ab4ad,0,0,Final SlimeVolley holdout matchup 42/63: attack vs improved-v3. This row must not be used for tuning.,"Final holdout evaluation row. Any failure or weak score is reported as evidence, not a tuning signal.",Do not tune on holdout results. Use them only for the final conclusion and future fresh experiments.
2026-05-27T03:10:51+00:00,SlimeVolley-v0,attack,improved-v4,v4,archived heuristic,evaluation-harness change,holdout,10000,10050,50,2.38,1.88563,2,-1,5,40,4,6,0.8,2.38,141790,11.589126,pass,pass,a426cc9,6d07ef99bb84,0,0,Final SlimeVolley holdout matchup 43/63: attack vs improved-v4. This row must not be used for tuning.,"Final holdout evaluation row. Any failure or weak score is reported as evidence, not a tuning signal.",Do not tune on holdout results. Use them only for the final conclusion and future fresh experiments.
2026-05-27T03:11:05+00:00,SlimeVolley-v0,attack,improved-v5,v5,archived heuristic,evaluation-harness change,holdout,10000,10050,50,0.54,1.41718,0,-2,4,24,10,16,0.48,0.54,149853,12.743678,pass,pass,a426cc9,d536e943e54e,0,0,Final SlimeVolley holdout matchup 44/63: attack vs improved-v5. This row must not be used for tuning.,"Final holdout evaluation row. Any failure or weak score is reported as evidence, not a tuning signal.",Do not tune on holdout results. Use them only for the final conclusion and future fresh experiments.
2026-05-27T03:11:18+00:00,SlimeVolley-v0,attack,improved-v6,v6,archived heuristic,evaluation-harness change,holdout,10000,10050,50,0.52,1.44554,0,-2,4,23,10,17,0.46,0.52,149851,12.540697,pass,pass,a426cc9,e0f24330b244,0,0,Final SlimeVolley holdout matchup 45/63: attack vs improved-v6. This row must not be used for tuning.,"Final holdout evaluation row. Any failure or weak score is reported as evidence, not a tuning signal.",Do not tune on holdout results. Use them only for the final conclusion and future fresh experiments.
2026-05-27T03:11:30+00:00,SlimeVolley-v0,rally-serve,builtin,slimevolleygym-baseline-rnn,built-in baseline,evaluation-harness change,holdout,10000,10050,50,-0.22,0.922822,0,-3,2,6,14,30,0.12,-0.22,150000,10.66923,pass,pass,a426cc9,5a6437e4c4a1,0,0,Final SlimeVolley holdout matchup 46/63: rally-serve vs builtin. This row must not be used for tuning.,"Final holdout evaluation row. Any failure or weak score is reported as evidence, not a tuning signal.",Do not tune on holdout results. Use them only for the final conclusion and future fresh experiments.
2026-05-27T03:11:33+00:00,SlimeVolley-v0,rally-serve,random,v0,random policy,evaluation-harness change,holdout,10000,10050,50,4.86,0.346987,5,4,5,50,0,0,1.0,4.86,35365,3.054652,pass,pass,a426cc9,f127b89799ee,0,0,Final SlimeVolley holdout matchup 47/63: rally-serve vs random. This row must not be used for tuning.,"Final holdout evaluation row. Any failure or weak score is reported as evidence, not a tuning signal.",Do not tune on holdout results. Use them only for the final conclusion and future fresh experiments.
2026-05-27T03:11:38+00:00,SlimeVolley-v0,rally-serve,initial,v0,frozen heuristic,evaluation-harness change,holdout,10000,10050,50,4.88,0.324962,5,4,5,50,0,0,1.0,4.88,43685,3.634677,pass,pass,a426cc9,1acfdafb5cbd,0,0,Final SlimeVolley holdout matchup 48/63: rally-serve vs initial. This row must not be used for tuning.,"Final holdout evaluation row. Any failure or weak score is reported as evidence, not a tuning signal.",Do not tune on holdout results. Use them only for the final conclusion and future fresh experiments.
2026-05-27T03:11:42+00:00,SlimeVolley-v0,rally-serve,improved-v0,v0,archived heuristic,evaluation-harness change,holdout,10000,10050,50,4.9,0.3,5,4,5,50,0,0,1.0,4.9,41438,3.379503,pass,pass,a426cc9,b69cd8fcb955,0,0,Final SlimeVolley holdout matchup 49/63: rally-serve vs improved-v0. This row must not be used for tuning.,"Final holdout evaluation row. Any failure or weak score is reported as evidence, not a tuning signal.",Do not tune on holdout results. Use them only for the final conclusion and future fresh experiments.
2026-05-27T03:11:49+00:00,SlimeVolley-v0,rally-serve,improved-v2,v2,archived heuristic,evaluation-harness change,holdout,10000,10050,50,4.72,0.491528,5,3,5,50,0,0,1.0,4.72,73605,5.902757,pass,pass,a426cc9,563e668a3eca,0,0,Final SlimeVolley holdout matchup 50/63: rally-serve vs improved-v2. This row must not be used for tuning.,"Final holdout evaluation row. Any failure or weak score is reported as evidence, not a tuning signal.",Do not tune on holdout results. Use them only for the final conclusion and future fresh experiments.
2026-05-27T03:12:00+00:00,SlimeVolley-v0,rally-serve,improved-v3,v3,archived heuristic,evaluation-harness change,holdout,10000,10050,50,3.38,1.64791,4,-1,5,47,1,2,0.94,3.38,131454,10.674972,pass,pass,a426cc9,a72e3c93b39c,0,0,Final SlimeVolley holdout matchup 51/63: rally-serve vs improved-v3. This row must not be used for tuning.,"Final holdout evaluation row. Any failure or weak score is reported as evidence, not a tuning signal.",Do not tune on holdout results. Use them only for the final conclusion and future fresh experiments.
2026-05-27T03:12:13+00:00,SlimeVolley-v0,rally-serve,improved-v4,v4,archived heuristic,evaluation-harness change,holdout,10000,10050,50,2.82,1.63328,3,-1,5,46,1,3,0.92,2.82,141263,12.027992,pass,pass,a426cc9,a54cc40d327b,0,0,Final SlimeVolley holdout matchup 52/63: rally-serve vs improved-v4. This row must not be used for tuning.,"Final holdout evaluation row. Any failure or weak score is reported as evidence, not a tuning signal.",Do not tune on holdout results. Use them only for the final conclusion and future fresh experiments.
2026-05-27T03:12:27+00:00,SlimeVolley-v0,rally-serve,improved-v5,v5,archived heuristic,evaluation-harness change,holdout,10000,10050,50,1.4,1.28062,1,-1,5,38,2,10,0.76,1.4,148463,13.032427,pass,pass,a426cc9,00370046601d,0,0,Final SlimeVolley holdout matchup 53/63: rally-serve vs improved-v5. This row must not be used for tuning.,"Final holdout evaluation row. Any failure or weak score is reported as evidence, not a tuning signal.",Do not tune on holdout results. Use them only for the final conclusion and future fresh experiments.
2026-05-27T03:12:40+00:00,SlimeVolley-v0,rally-serve,improved-v6,v6,archived heuristic,evaluation-harness change,holdout,10000,10050,50,1.44,1.32906,1,-1,5,38,2,10,0.76,1.44,147298,12.819262,pass,pass,a426cc9,c200965ca501,0,0,Final SlimeVolley holdout matchup 54/63: rally-serve vs improved-v6. This row must not be used for tuning.,"Final holdout evaluation row. Any failure or weak score is reported as evidence, not a tuning signal.",Do not tune on holdout results. Use them only for the final conclusion and future fresh experiments.
2026-05-27T03:12:50+00:00,SlimeVolley-v0,baseline-rnn,builtin,slimevolleygym-baseline-rnn,built-in baseline,evaluation-harness change,holdout,10000,10050,50,-0.12,0.97242,0,-3,2,10,15,25,0.2,-0.12,150000,8.62271,pass,pass,a426cc9,bef79ee840be,0,0,Final SlimeVolley holdout matchup 55/63: baseline-rnn vs builtin. This row must not be used for tuning.,"Final holdout evaluation row. Any failure or weak score is reported as evidence, not a tuning signal.",Do not tune on holdout results. Use them only for the final conclusion and future fresh experiments.
2026-05-27T03:12:53+00:00,SlimeVolley-v0,baseline-rnn,random,v0,random policy,evaluation-harness change,holdout,10000,10050,50,4.82,0.384187,5,4,5,50,0,0,1.0,4.82,29325,2.205061,pass,pass,a426cc9,b8cb915a23dd,0,0,Final SlimeVolley holdout matchup 56/63: baseline-rnn vs random. This row must not be used for tuning.,"Final holdout evaluation row. Any failure or weak score is reported as evidence, not a tuning signal.",Do not tune on holdout results. Use them only for the final conclusion and future fresh experiments.
2026-05-27T03:12:56+00:00,SlimeVolley-v0,baseline-rnn,initial,v0,frozen heuristic,evaluation-harness change,holdout,10000,10050,50,4.78,0.414246,5,4,5,50,0,0,1.0,4.78,33880,2.509114,pass,pass,a426cc9,809a9f54b256,0,0,Final SlimeVolley holdout matchup 57/63: baseline-rnn vs initial. This row must not be used for tuning.,"Final holdout evaluation row. Any failure or weak score is reported as evidence, not a tuning signal.",Do not tune on holdout results. Use them only for the final conclusion and future fresh experiments.
2026-05-27T03:12:59+00:00,SlimeVolley-v0,baseline-rnn,improved-v0,v0,archived heuristic,evaluation-harness change,holdout,10000,10050,50,4.8,0.4,5,4,5,50,0,0,1.0,4.8,33208,2.307328,pass,pass,a426cc9,faebf944d807,0,0,Final SlimeVolley holdout matchup 58/63: baseline-rnn vs improved-v0. This row must not be used for tuning.,"Final holdout evaluation row. Any failure or weak score is reported as evidence, not a tuning signal.",Do not tune on holdout results. Use them only for the final conclusion and future fresh experiments.
2026-05-27T03:13:04+00:00,SlimeVolley-v0,baseline-rnn,improved-v2,v2,archived heuristic,evaluation-harness change,holdout,10000,10050,50,4.82,0.433128,5,3,5,50,0,0,1.0,4.82,49540,3.411739,pass,pass,a426cc9,2280842ca90c,0,0,Final SlimeVolley holdout matchup 59/63: baseline-rnn vs improved-v2. This row must not be used for tuning.,"Final holdout evaluation row. Any failure or weak score is reported as evidence, not a tuning signal.",Do not tune on holdout results. Use them only for the final conclusion and future fresh experiments.
2026-05-27T03:13:13+00:00,SlimeVolley-v0,baseline-rnn,improved-v3,v3,archived heuristic,evaluation-harness change,holdout,10000,10050,50,4.16,1.15516,5,0,5,49,0,1,0.98,4.16,120196,8.344953,pass,pass,a426cc9,f7f946c83b8c,0,0,Final SlimeVolley holdout matchup 60/63: baseline-rnn vs improved-v3. This row must not be used for tuning.,"Final holdout evaluation row. Any failure or weak score is reported as evidence, not a tuning signal.",Do not tune on holdout results. Use them only for the final conclusion and future fresh experiments.
2026-05-27T03:13:24+00:00,SlimeVolley-v0,baseline-rnn,improved-v4,v4,archived heuristic,evaluation-harness change,holdout,10000,10050,50,3.64,1.38217,4,-1,5,48,1,1,0.96,3.64,132005,9.974556,pass,pass,a426cc9,ed7a30e70580,0,0,Final SlimeVolley holdout matchup 61/63: baseline-rnn vs improved-v4. This row must not be used for tuning.,"Final holdout evaluation row. Any failure or weak score is reported as evidence, not a tuning signal.",Do not tune on holdout results. Use them only for the final conclusion and future fresh experiments.
2026-05-27T03:13:36+00:00,SlimeVolley-v0,baseline-rnn,improved-v5,v5,archived heuristic,evaluation-harness change,holdout,10000,10050,50,2.1,1.43178,2,-1,5,43,2,5,0.86,2.1,148427,11.511599,pass,pass,a426cc9,4b4d10c8120a,0,0,Final SlimeVolley holdout matchup 62/63: baseline-rnn vs improved-v5. This row must not be used for tuning.,"Final holdout evaluation row. Any failure or weak score is reported as evidence, not a tuning signal.",Do not tune on holdout results. Use them only for the final conclusion and future fresh experiments.
2026-05-27T03:13:48+00:00,SlimeVolley-v0,baseline-rnn,improved-v6,v6,archived heuristic,evaluation-harness change,holdout,10000,10050,50,2.1,1.41774,2,-1,5,43,2,5,0.86,2.1,147118,11.36788,pass,pass,a426cc9,4cf817ba21b9,0,0,Final SlimeVolley holdout matchup 63/63: baseline-rnn vs improved-v6. This row must not be used for tuning.,"Final holdout evaluation row. Any failure or weak score is reported as evidence, not a tuning signal.",Do not tune on holdout results. Use them only for the final conclusion and future fresh experiments.
